    0.1000D-01     0.9490D+01     0.4860D-01     0.1922D+01     0.8889D+00     0.1111D+00     0.1111D+00     0.0000D+00
    0.2000D-01     0.1896D+02     0.1156D+00     0.3041D+01     0.9993D+00     0.6540D-03     0.6540D-03     0.0000D+00
    0.3000D-01     0.2851D+02     0.2264D+00     0.3972D+01     0.9990D+00     0.9675D-03     0.9675D-03     0.0000D+00
    0.4000D-01     0.3811D+02     0.3645D+00     0.4800D+01     0.9987D+00     0.1274D-02     0.1274D-02     0.0000D+00
    0.5000D-01     0.4775D+02     0.5271D+00     0.5556D+01     0.9984D+00     0.1574D-02     0.1574D-02     0.0000D+00
    0.6000D-01     0.5742D+02     0.7123D+00     0.6260D+01     0.9981D+00     0.1868D-02     0.1868D-02     0.0000D+00
    0.7000D-01     0.6713D+02     0.9185D+00     0.6923D+01     0.9978D+00     0.2157D-02     0.2157D-02     0.0000D+00
    0.8000D-01     0.7686D+02     0.1145D+01     0.7552D+01     0.9976D+00     0.2441D-02     0.2441D-02     0.0000D+00
    0.9000D-01     0.8663D+02     0.1389D+01     0.8153D+01     0.9973D+00     0.2721D-02     0.2721D-02     0.0000D+00
    0.1000D+00     0.9642D+02     0.1652D+01     0.8730D+01     0.9970D+00     0.2996D-02     0.2996D-02     0.0000D+00
    0.1100D+00     0.1062D+03     0.1932D+01     0.9287D+01     0.9967D+00     0.3267D-02     0.3267D-02     0.0000D+00
    0.1200D+00     0.1161D+03     0.2229D+01     0.9824D+01     0.9965D+00     0.3534D-02     0.3534D-02     0.0000D+00
    0.1300D+00     0.1260D+03     0.2542D+01     0.1035D+02     0.9962D+00     0.3798D-02     0.3798D-02     0.0000D+00
    0.1400D+00     0.1359D+03     0.2870D+01     0.1085D+02     0.9959D+00     0.4058D-02     0.4058D-02     0.0000D+00
    0.1500D+00     0.1458D+03     0.3213D+01     0.1134D+02     0.9957D+00     0.4315D-02     0.4315D-02     0.0000D+00
    0.1600D+00     0.1557D+03     0.3571D+01     0.1183D+02     0.9954D+00     0.4568D-02     0.4568D-02     0.0000D+00
    0.1700D+00     0.1657D+03     0.3943D+01     0.1229D+02     0.9952D+00     0.4818D-02     0.4818D-02     0.0000D+00
    0.1800D+00     0.1757D+03     0.4330D+01     0.1275D+02     0.9949D+00     0.5065D-02     0.5065D-02     0.0000D+00
    0.1900D+00     0.1857D+03     0.4729D+01     0.1320D+02     0.9947D+00     0.5310D-02     0.5310D-02     0.0000D+00
    0.2000D+00     0.1957D+03     0.5142D+01     0.1364D+02     0.9944D+00     0.5551D-02     0.5551D-02     0.0000D+00
    0.2100D+00     0.2058D+03     0.5568D+01     0.1407D+02     0.9942D+00     0.5790D-02     0.5790D-02     0.0000D+00
    0.2200D+00     0.2159D+03     0.6006D+01     0.1450D+02     0.9940D+00     0.6026D-02     0.6026D-02     0.0000D+00
    0.2300D+00     0.2259D+03     0.6457D+01     0.1491D+02     0.9937D+00     0.6260D-02     0.6260D-02     0.0000D+00
    0.2400D+00     0.2361D+03     0.6920D+01     0.1532D+02     0.9935D+00     0.6491D-02     0.6491D-02     0.0000D+00
    0.2500D+00     0.2462D+03     0.7396D+01     0.1573D+02     0.9933D+00     0.6720D-02     0.6720D-02     0.0000D+00
    0.2600D+00     0.2564D+03     0.7882D+01     0.1612D+02     0.9931D+00     0.6946D-02     0.6946D-02     0.0000D+00
    0.2700D+00     0.2665D+03     0.8381D+01     0.1651D+02     0.9928D+00     0.7170D-02     0.7170D-02     0.0000D+00
    0.2800D+00     0.2767D+03     0.8891D+01     0.1690D+02     0.9926D+00     0.7392D-02     0.7392D-02     0.0000D+00
    0.2900D+00     0.2869D+03     0.9412D+01     0.1728D+02     0.9924D+00     0.7611D-02     0.7611D-02     0.0000D+00
    0.3000D+00     0.2972D+03     0.9944D+01     0.1765D+02     0.9922D+00     0.7829D-02     0.7829D-02     0.0000D+00
    0.3100D+00     0.3074D+03     0.1049D+02     0.1802D+02     0.9920D+00     0.8044D-02     0.8044D-02     0.0000D+00
    0.3200D+00     0.3177D+03     0.1104D+02     0.1838D+02     0.9917D+00     0.8258D-02     0.8258D-02     0.0000D+00
    0.3300D+00     0.3279D+03     0.1160D+02     0.1874D+02     0.9915D+00     0.8469D-02     0.8469D-02     0.0000D+00
    0.3400D+00     0.3382D+03     0.1218D+02     0.1910D+02     0.9913D+00     0.8679D-02     0.8679D-02     0.0000D+00
    0.3500D+00     0.3486D+03     0.1276D+02     0.1945D+02     0.9911D+00     0.8886D-02     0.8886D-02     0.0000D+00
    0.3600D+00     0.3589D+03     0.1336D+02     0.1980D+02     0.9909D+00     0.9092D-02     0.9092D-02     0.0000D+00
    0.3700D+00     0.3692D+03     0.1396D+02     0.2014D+02     0.9907D+00     0.9296D-02     0.9296D-02     0.0000D+00
    0.3800D+00     0.3796D+03     0.1458D+02     0.2048D+02     0.9905D+00     0.9498D-02     0.9498D-02     0.0000D+00
    0.3900D+00     0.3900D+03     0.1520D+02     0.2081D+02     0.9903D+00     0.9699D-02     0.9699D-02     0.0000D+00
    0.4000D+00     0.4004D+03     0.1584D+02     0.2114D+02     0.9901D+00     0.9898D-02     0.9898D-02     0.0000D+00
    0.4100D+00     0.4108D+03     0.1648D+02     0.2147D+02     0.9899D+00     0.1009D-01     0.1009D-01     0.0000D+00
    0.4200D+00     0.4212D+03     0.1713D+02     0.2180D+02     0.9897D+00     0.1029D-01     0.1029D-01     0.0000D+00
    0.4300D+00     0.4317D+03     0.1779D+02     0.2212D+02     0.9895D+00     0.1048D-01     0.1048D-01     0.0000D+00
    0.4400D+00     0.4421D+03     0.1847D+02     0.2244D+02     0.9893D+00     0.1068D-01     0.1068D-01     0.0000D+00
    0.4500D+00     0.4526D+03     0.1915D+02     0.2275D+02     0.9891D+00     0.1087D-01     0.1087D-01     0.0000D+00
    0.4600D+00     0.4631D+03     0.1983D+02     0.2307D+02     0.9889D+00     0.1106D-01     0.1106D-01     0.0000D+00
    0.4700D+00     0.4736D+03     0.2053D+02     0.2338D+02     0.9888D+00     0.1124D-01     0.1124D-01     0.0000D+00
    0.4800D+00     0.4841D+03     0.2124D+02     0.2369D+02     0.9886D+00     0.1143D-01     0.1143D-01     0.0000D+00
    0.4900D+00     0.4947D+03     0.2195D+02     0.2399D+02     0.9884D+00     0.1164D-01     0.1161D-01     0.2798D-04
    0.5000D+00     0.5052D+03     0.2268D+02     0.2429D+02     0.9881D+00     0.1188D-01     0.1179D-01     0.9686D-04
    0.5100D+00     0.5158D+03     0.2341D+02     0.2459D+02     0.9879D+00     0.1214D-01     0.1196D-01     0.1861D-03
    0.5200D+00     0.5263D+03     0.2414D+02     0.2489D+02     0.9876D+00     0.1241D-01     0.1213D-01     0.2897D-03
    0.5300D+00     0.5369D+03     0.2489D+02     0.2518D+02     0.9873D+00     0.1269D-01     0.1229D-01     0.4040D-03
    0.5400D+00     0.5475D+03     0.2564D+02     0.2547D+02     0.9870D+00     0.1298D-01     0.1245D-01     0.5269D-03
    0.5500D+00     0.5582D+03     0.2640D+02     0.2576D+02     0.9867D+00     0.1327D-01     0.1261D-01     0.6567D-03
    0.5600D+00     0.5688D+03     0.2717D+02     0.2605D+02     0.9864D+00     0.1356D-01     0.1277D-01     0.7922D-03
    0.5700D+00     0.5795D+03     0.2795D+02     0.2634D+02     0.9861D+00     0.1386D-01     0.1292D-01     0.9323D-03
    0.5800D+00     0.5901D+03     0.2873D+02     0.2662D+02     0.9858D+00     0.1415D-01     0.1308D-01     0.1076D-02
    0.5900D+00     0.6008D+03     0.2953D+02     0.2690D+02     0.9855D+00     0.1445D-01     0.1323D-01     0.1223D-02
    0.6000D+00     0.6115D+03     0.3032D+02     0.2718D+02     0.9852D+00     0.1475D-01     0.1338D-01     0.1373D-02
    0.6100D+00     0.6222D+03     0.3113D+02     0.2746D+02     0.9850D+00     0.1505D-01     0.1352D-01     0.1525D-02
    0.6200D+00     0.6329D+03     0.3195D+02     0.2773D+02     0.9847D+00     0.1535D-01     0.1367D-01     0.1679D-02
    0.6300D+00     0.6436D+03     0.3277D+02     0.2800D+02     0.9844D+00     0.1565D-01     0.1381D-01     0.1834D-02
    0.6400D+00     0.6544D+03     0.3360D+02     0.2828D+02     0.9841D+00     0.1595D-01     0.1396D-01     0.1991D-02
    0.6500D+00     0.6651D+03     0.3443D+02     0.2855D+02     0.9838D+00     0.1625D-01     0.1410D-01     0.2148D-02
    0.6600D+00     0.6759D+03     0.3528D+02     0.2881D+02     0.9835D+00     0.1654D-01     0.1424D-01     0.2306D-02
    0.6700D+00     0.6867D+03     0.3613D+02     0.2908D+02     0.9832D+00     0.1684D-01     0.1438D-01     0.2465D-02
    0.6800D+00     0.6975D+03     0.3698D+02     0.2934D+02     0.9829D+00     0.1714D-01     0.1451D-01     0.2624D-02
    0.6900D+00     0.7083D+03     0.3785D+02     0.2960D+02     0.9826D+00     0.1743D-01     0.1465D-01     0.2783D-02
    0.7000D+00     0.7191D+03     0.3872D+02     0.2987D+02     0.9823D+00     0.1773D-01     0.1478D-01     0.2943D-02
    0.7100D+00     0.7299D+03     0.3960D+02     0.3012D+02     0.9820D+00     0.1802D-01     0.1492D-01     0.3102D-02
    0.7200D+00     0.7408D+03     0.4048D+02     0.3038D+02     0.9817D+00     0.1831D-01     0.1505D-01     0.3261D-02
    0.7300D+00     0.7516D+03     0.4138D+02     0.3064D+02     0.9814D+00     0.1860D-01     0.1518D-01     0.3420D-02
    0.7400D+00     0.7625D+03     0.4228D+02     0.3089D+02     0.9811D+00     0.1889D-01     0.1531D-01     0.3578D-02
    0.7500D+00     0.7734D+03     0.4318D+02     0.3114D+02     0.9808D+00     0.1917D-01     0.1544D-01     0.3737D-02
    0.7600D+00     0.7843D+03     0.4410D+02     0.3140D+02     0.9805D+00     0.1946D-01     0.1556D-01     0.3894D-02
    0.7700D+00     0.7952D+03     0.4501D+02     0.3165D+02     0.9803D+00     0.1974D-01     0.1569D-01     0.4052D-02
    0.7800D+00     0.8061D+03     0.4594D+02     0.3189D+02     0.9800D+00     0.2002D-01     0.1581D-01     0.4209D-02
    0.7900D+00     0.8170D+03     0.4687D+02     0.3214D+02     0.9797D+00     0.2030D-01     0.1594D-01     0.4365D-02
    0.8000D+00     0.8280D+03     0.4781D+02     0.3239D+02     0.9794D+00     0.2058D-01     0.1606D-01     0.4520D-02
    0.8100D+00     0.8389D+03     0.4876D+02     0.3263D+02     0.9791D+00     0.2086D-01     0.1618D-01     0.4675D-02
    0.8200D+00     0.8499D+03     0.4971D+02     0.3287D+02     0.9789D+00     0.2113D-01     0.1630D-01     0.4829D-02
    0.8300D+00     0.8609D+03     0.5067D+02     0.3311D+02     0.9786D+00     0.2141D-01     0.1642D-01     0.4983D-02
    0.8400D+00     0.8719D+03     0.5163D+02     0.3335D+02     0.9783D+00     0.2168D-01     0.1654D-01     0.5136D-02
    0.8500D+00     0.8829D+03     0.5261D+02     0.3359D+02     0.9781D+00     0.2195D-01     0.1666D-01     0.5288D-02
    0.8600D+00     0.8939D+03     0.5358D+02     0.3383D+02     0.9778D+00     0.2222D-01     0.1678D-01     0.5439D-02
    0.8700D+00     0.9049D+03     0.5457D+02     0.3407D+02     0.9775D+00     0.2248D-01     0.1689D-01     0.5589D-02
    0.8800D+00     0.9159D+03     0.5556D+02     0.3430D+02     0.9773D+00     0.2275D-01     0.1701D-01     0.5739D-02
    0.8900D+00     0.9270D+03     0.5655D+02     0.3453D+02     0.9770D+00     0.2301D-01     0.1712D-01     0.5888D-02
    0.9000D+00     0.9380D+03     0.5756D+02     0.3477D+02     0.9767D+00     0.2327D-01     0.1724D-01     0.6036D-02
    0.9100D+00     0.9491D+03     0.5857D+02     0.3500D+02     0.9765D+00     0.2353D-01     0.1735D-01     0.6183D-02
    0.9200D+00     0.9602D+03     0.5958D+02     0.3523D+02     0.9762D+00     0.2379D-01     0.1746D-01     0.6329D-02
    0.9300D+00     0.9713D+03     0.6060D+02     0.3546D+02     0.9760D+00     0.2405D-01     0.1757D-01     0.6475D-02
    0.9400D+00     0.9824D+03     0.6163D+02     0.3569D+02     0.9757D+00     0.2430D-01     0.1768D-01     0.6619D-02
    0.9500D+00     0.9935D+03     0.6266D+02     0.3591D+02     0.9754D+00     0.2455D-01     0.1779D-01     0.6763D-02
    0.9600D+00     0.1005D+04     0.6370D+02     0.3614D+02     0.9752D+00     0.2481D-01     0.1790D-01     0.6906D-02
    0.9700D+00     0.1016D+04     0.6475D+02     0.3636D+02     0.9749D+00     0.2506D-01     0.1801D-01     0.7048D-02
    0.9800D+00     0.1027D+04     0.6580D+02     0.3659D+02     0.9747D+00     0.2530D-01     0.1811D-01     0.7190D-02
    0.9900D+00     0.1038D+04     0.6685D+02     0.3681D+02     0.9744D+00     0.2555D-01     0.1822D-01     0.7330D-02
    0.1000D+01     0.1049D+04     0.6792D+02     0.3703D+02     0.9742D+00     0.2580D-01     0.1833D-01     0.7470D-02
    0.1010D+01     0.1060D+04     0.6898D+02     0.3725D+02     0.9740D+00     0.2604D-01     0.1843D-01     0.7608D-02
    0.1020D+01     0.1072D+04     0.7006D+02     0.3747D+02     0.9737D+00     0.2628D-01     0.1854D-01     0.7746D-02
    0.1030D+01     0.1083D+04     0.7114D+02     0.3769D+02     0.9735D+00     0.2652D-01     0.1864D-01     0.7884D-02
    0.1040D+01     0.1094D+04     0.7222D+02     0.3791D+02     0.9732D+00     0.2676D-01     0.1874D-01     0.8020D-02
    0.1050D+01     0.1105D+04     0.7331D+02     0.3812D+02     0.9730D+00     0.2700D-01     0.1884D-01     0.8155D-02
    0.1060D+01     0.1116D+04     0.7441D+02     0.3834D+02     0.9728D+00     0.2723D-01     0.1894D-01     0.8290D-02
    0.1070D+01     0.1128D+04     0.7551D+02     0.3855D+02     0.9725D+00     0.2747D-01     0.1905D-01     0.8424D-02
    0.1080D+01     0.1139D+04     0.7662D+02     0.3877D+02     0.9723D+00     0.2770D-01     0.1915D-01     0.8557D-02
    0.1090D+01     0.1150D+04     0.7774D+02     0.3898D+02     0.9721D+00     0.2793D-01     0.1925D-01     0.8689D-02
    0.1100D+01     0.1161D+04     0.7885D+02     0.3919D+02     0.9718D+00     0.2816D-01     0.1934D-01     0.8820D-02
    0.1110D+01     0.1173D+04     0.7998D+02     0.3940D+02     0.9716D+00     0.2839D-01     0.1944D-01     0.8951D-02
    0.1120D+01     0.1184D+04     0.8111D+02     0.3961D+02     0.9714D+00     0.2862D-01     0.1954D-01     0.9080D-02
    0.1130D+01     0.1195D+04     0.8224D+02     0.3982D+02     0.9712D+00     0.2885D-01     0.1964D-01     0.9209D-02
    0.1140D+01     0.1207D+04     0.8339D+02     0.4003D+02     0.9709D+00     0.2907D-01     0.1973D-01     0.9337D-02
    0.1150D+01     0.1218D+04     0.8453D+02     0.4023D+02     0.9707D+00     0.2929D-01     0.1983D-01     0.9465D-02
    0.1160D+01     0.1229D+04     0.8568D+02     0.4044D+02     0.9705D+00     0.2951D-01     0.1992D-01     0.9591D-02
    0.1170D+01     0.1241D+04     0.8684D+02     0.4065D+02     0.9703D+00     0.2974D-01     0.2002D-01     0.9717D-02
    0.1180D+01     0.1252D+04     0.8800D+02     0.4085D+02     0.9700D+00     0.2995D-01     0.2011D-01     0.9842D-02
    0.1190D+01     0.1263D+04     0.8917D+02     0.4106D+02     0.9698D+00     0.3017D-01     0.2021D-01     0.9967D-02
    0.1200D+01     0.1275D+04     0.9035D+02     0.4126D+02     0.9696D+00     0.3039D-01     0.2030D-01     0.1009D-01
    0.1210D+01     0.1286D+04     0.9152D+02     0.4146D+02     0.9694D+00     0.3060D-01     0.2039D-01     0.1021D-01
    0.1220D+01     0.1297D+04     0.9271D+02     0.4166D+02     0.9692D+00     0.3082D-01     0.2048D-01     0.1034D-01
    0.1230D+01     0.1309D+04     0.9390D+02     0.4186D+02     0.9690D+00     0.3103D-01     0.2057D-01     0.1046D-01
    0.1240D+01     0.1320D+04     0.9509D+02     0.4206D+02     0.9688D+00     0.3124D-01     0.2066D-01     0.1058D-01
    0.1250D+01     0.1332D+04     0.9629D+02     0.4226D+02     0.9685D+00     0.3145D-01     0.2075D-01     0.1070D-01
    0.1260D+01     0.1343D+04     0.9749D+02     0.4246D+02     0.9683D+00     0.3166D-01     0.2084D-01     0.1082D-01
    0.1270D+01     0.1355D+04     0.9870D+02     0.4266D+02     0.9681D+00     0.3187D-01     0.2093D-01     0.1093D-01
    0.1280D+01     0.1366D+04     0.9992D+02     0.4286D+02     0.9679D+00     0.3207D-01     0.2102D-01     0.1105D-01
    0.1290D+01     0.1377D+04     0.1011D+03     0.4305D+02     0.9677D+00     0.3228D-01     0.2111D-01     0.1117D-01
    0.1300D+01     0.1389D+04     0.1024D+03     0.4325D+02     0.9675D+00     0.3248D-01     0.2120D-01     0.1129D-01
    0.1310D+01     0.1400D+04     0.1036D+03     0.4344D+02     0.9673D+00     0.3268D-01     0.2128D-01     0.1140D-01
    0.1320D+01     0.1412D+04     0.1048D+03     0.4364D+02     0.9671D+00     0.3289D-01     0.2137D-01     0.1152D-01
    0.1330D+01     0.1423D+04     0.1061D+03     0.4383D+02     0.9669D+00     0.3309D-01     0.2146D-01     0.1163D-01
    0.1340D+01     0.1435D+04     0.1073D+03     0.4402D+02     0.9667D+00     0.3329D-01     0.2154D-01     0.1174D-01
    0.1350D+01     0.1446D+04     0.1086D+03     0.4421D+02     0.9665D+00     0.3348D-01     0.2163D-01     0.1186D-01
    0.1360D+01     0.1458D+04     0.1098D+03     0.4440D+02     0.9663D+00     0.3368D-01     0.2171D-01     0.1197D-01
    0.1370D+01     0.1469D+04     0.1111D+03     0.4460D+02     0.9661D+00     0.3388D-01     0.2180D-01     0.1208D-01
    0.1380D+01     0.1481D+04     0.1123D+03     0.4479D+02     0.9659D+00     0.3407D-01     0.2188D-01     0.1219D-01
    0.1390D+01     0.1493D+04     0.1136D+03     0.4497D+02     0.9657D+00     0.3427D-01     0.2196D-01     0.1230D-01
    0.1400D+01     0.1504D+04     0.1149D+03     0.4516D+02     0.9655D+00     0.3446D-01     0.2204D-01     0.1241D-01
    0.1410D+01     0.1516D+04     0.1162D+03     0.4535D+02     0.9654D+00     0.3465D-01     0.2213D-01     0.1252D-01
    0.1420D+01     0.1527D+04     0.1174D+03     0.4554D+02     0.9652D+00     0.3484D-01     0.2221D-01     0.1263D-01
    0.1430D+01     0.1539D+04     0.1187D+03     0.4572D+02     0.9650D+00     0.3503D-01     0.2229D-01     0.1274D-01
    0.1440D+01     0.1550D+04     0.1200D+03     0.4591D+02     0.9648D+00     0.3522D-01     0.2237D-01     0.1285D-01
    0.1450D+01     0.1562D+04     0.1213D+03     0.4610D+02     0.9646D+00     0.3541D-01     0.2245D-01     0.1295D-01
    0.1460D+01     0.1574D+04     0.1226D+03     0.4628D+02     0.9644D+00     0.3559D-01     0.2253D-01     0.1306D-01
    0.1470D+01     0.1585D+04     0.1239D+03     0.4646D+02     0.9642D+00     0.3578D-01     0.2261D-01     0.1317D-01
    0.1480D+01     0.1597D+04     0.1253D+03     0.4665D+02     0.9640D+00     0.3596D-01     0.2269D-01     0.1327D-01
    0.1490D+01     0.1609D+04     0.1266D+03     0.4683D+02     0.9639D+00     0.3615D-01     0.2277D-01     0.1337D-01
    0.1500D+01     0.1620D+04     0.1279D+03     0.4701D+02     0.9637D+00     0.3633D-01     0.2285D-01     0.1348D-01
