   1.0000084969510191E-003  0.88090993809544593       0.94455446136945087        1.8200778917725975E-007   4.8073343812956952E-004   5.6467250289311884E-008
   5.9999999531280138E-003   2.1427213462218409        5.6748851973828760        5.1073183356632798E-005   5.7258214320491472E-003   1.6869467138534408E-005
   1.1000000947596959E-002   2.7866296058475304        10.410802581060096        3.6544290071944543E-004   1.2923894201478731E-002   1.2102159077953803E-004
   1.6000001080257287E-002   3.2728305414654630        15.150088126661828        1.2468878893685188E-003   2.2495550732816127E-002   4.1322134275746588E-004
   2.0999999553316710E-002   3.6990673296475993        19.892085697315284        3.0369854125518506E-003   3.5216392934118004E-002   1.0067706427861420E-003
   2.5999999469570531E-002   4.1015020899687107        24.636489465129436        6.0825189099953545E-003   5.1601050540375913E-002   2.0166971769560514E-003
   3.1000006124788176E-002   4.4956863374900387        29.383099184986836        1.0709421962453296E-002   7.1885000535168470E-002   3.5511125781132404E-003
   3.5999999238800734E-002   4.8879069749618056        34.131731412881734        1.7204219433034199E-002   9.6102337952999106E-002   5.7050568547217222E-003
   4.1000016287972646E-002   5.2819625016197298        38.882277594656081        2.5802377767317055E-002  0.12417513116485211        8.5566343908821969E-003
   4.5999998994547674E-002   5.6776761382431928        43.634577330155658        3.6683785040551087E-002  0.15599533178038991        1.2165514720251167E-002
   5.0999998882556123E-002   6.0763386134006021        48.388597575722535        4.9972634731890071E-002  0.19148844472861212        1.6572893980932323E-002
   5.6000018856539359E-002   6.4778704262964739        53.144304517172536        6.5742719374234967E-002  0.23066198117250145        2.1803250707663296E-002
   6.1000010501830897E-002   6.8815612645602258        57.901668853718533        8.4023049329085137E-002  0.27363832301766106        2.7866209528809863E-002
   6.6000005646346005E-002   7.2880250998853384        62.660770877477127       0.10480660253675095       0.32067371204540235        3.4759443321189666E-002
   7.1000002721861646E-002   7.6975671602992755        67.421709046002334       0.12805850219041187       0.37217008197636148        4.2471385645773199E-002
   7.6000023208428760E-002   8.1109449248310668        72.184642413639935       0.15372395159991009       0.42867824526047249        5.0983862647634284E-002
   8.0999998332376491E-002   8.5282524457316704        76.949702952222466       0.18173645671472979       0.49089875789376430        6.0274820356875078E-002
   8.5999998101849925E-002   8.9511272772720982        81.717164685023832       0.21202276369295842       0.55967469466518749        7.0319962453062698E-002
   9.1000026271444115E-002   9.3806769275994419        86.487285859523240       0.24450983438308263       0.63598919547546207        8.1095063932500683E-002
   9.6000000848112541E-002   9.8175338598417117        91.260295937326404       0.27912984571862159       0.72095967545732087        9.2577629353655280E-002
  0.10099999794182439        10.263684484385639        96.036567767775821       0.31582172773779810       0.81582768800336070       0.10474740302087626     
  0.10599999782912949        10.720460479307700        100.81643254069922       0.35453624902039071       0.92195707408138317       0.11758805574324006     
  0.11099999776715319        11.189410541864701        105.60025942346212       0.39523717552606669        1.0408270487197329       0.13108756923379766     
  0.11599999814132239        11.672032038541824        110.38644983236487       0.43988116826901891        1.1726978829810750       0.14500479602010313     
  0.12099999711598854        12.168859510280365        115.17258223962833       0.49116084737517562        1.3174237402557221       0.15907743338962299     
  0.12599999680632251        12.680978234171418        119.96132242055297       0.54676201169320238        1.4783268771860487       0.17363744317104940     
  0.13099999648170160        13.209962785037680        124.75372960479547       0.60606323593254063        1.6577065872444032       0.18878931997852885     
  0.13599999605245014        13.757559548045300        129.55057537855387       0.66878586875333412        1.8577395256899480       0.20459425570766904     
  0.14099999583749959        14.325594481300662        134.35253638844611       0.73479257535971476        2.0806143827537951       0.22109887386947560     
  0.14599999637107716        14.915931359006070        139.16025189818620       0.80402565322418518        2.3285741642983422       0.23834417245288989     
  0.15099999640158762        15.530446253664863        143.97434833153187       0.87647956689603423        2.6039365183803027       0.25636929029038946     
  0.15599999636634088        16.171025800296018        148.79545512442991       0.95218513271329130        2.9091056082403499       0.27521308498542701     
  0.16099999630069334        16.839555471756228        153.62421308624687        1.0311995258880127        3.2465807259761417       0.29491483662157875     
  0.16599999622255471        17.537918051310559        158.46128170223375        1.1135986940292091        3.6189623669464477       0.31551433749793023     
  0.17099999613400396        18.267992599750173        163.30734504236838        1.1994712032247965        4.0289563578314738       0.33705164134557114     
  0.17599999604223912        19.031654304677211        168.16311698869526        1.2889128905197538        4.4793759442740964       0.35956658167850730     
  0.18099999594433641        19.830774380971423        173.02934597045004        1.3820220133750079        4.9731415473761915       0.38309813021128114     
  0.18599999584308327        20.667219813858591        177.90681932559809        1.4788947402900940        5.5132778069052994       0.40768364447565675     
  0.19099999574089596        21.542852427609297        182.79636725055869        1.5796209160489978        6.1029074878338916       0.43335804339750117     
  0.19599999563565060        22.459527087594736        187.69886628965838        1.6842800884513560        6.7452418564414227       0.46015294437353627     
  0.20099999553091566        23.419088887631283        192.61524227581748        1.7929378246338765        7.4435672019202972       0.48809579486069871     
  0.20599999541980166        24.423368722113221        197.54647254205483        1.9056423373852944        8.2012272682594674       0.51720902284118020     
  0.21100000554907924        25.474203017704490        202.49359280284764        2.0224214311257556        9.0216014937262177       0.54750922341984731     
  0.21599999622466187        26.573309177235416        207.45767164162308        2.1432811155064546        9.9080803136837332       0.57900674537310637     
  0.22099999523995953        27.722504269858863        212.43986023126340        2.2682014653680063        10.864034025807443       0.61170453817139225     
  0.22599999500023807        28.923480694165487        217.44134283757373        2.3971376690699850        11.892782612885611       0.64559833517506804     
  0.23099999486515582        30.177894595631621        222.46335575918638        2.5300184823183529        12.997560652231089       0.68067615894241906     
  0.23599999474863284        31.487340213032134        227.50717993989721        2.6667466206422028        14.181482233966550       0.71691833517080994     
  0.24099999463581626        32.853337717165232        232.57413547465222        2.8071997526018597        15.447505966736315       0.75429767512790058     
  0.24599999452384255        34.277321925973510        237.66557526202098        2.9512321965233967        16.798401490522501       0.79277985929914563     
  0.25099999441205489        35.760628666181866        242.78288014546044        3.0986741945515766        18.236705340587925       0.83232318727706422     
  0.25599999455422556        37.304485614645408        247.92743733737143        3.2493486452320588        19.764750260421796       0.87288303803424350     
  0.26099997779273243        38.910001698698728        253.10065542865584        3.4030505964977915        21.384557494290711       0.91440635459566610     
  0.26599997066606501        40.578198825171143        258.30394755270640        3.5595695800646392        23.097877351321294       0.95683764831651941     
  0.27099996844653235        42.309930062817422        263.53870902602148        3.7186875016686605        24.906169115313165        1.0001184715039668     
  0.27599996864489790        44.105917013395526        268.80631969857478        3.8801824144622241        26.810595629112196        1.0441884853600945     
  0.28099996992719556        45.966744579846853        274.10813559282241        4.0438320995371280        28.812026401510963        1.0889864930600861     
  0.28599997163660867        47.892858721805133        279.44548153939104        4.2094173506551487        30.911046375696696        1.1344514062216264     
  0.29099997340934725        49.884566245489488        284.81964471598809        4.3767248830371184        33.107969684875471        1.1805231189498535     
  0.29599997508707421        51.942036814427269        290.23186927654569        4.5455498062181885        35.402857515196729        1.2271432691216011     
  0.30099997660792532        54.065306493822803        295.68335196988176        4.7156976319305235        37.795539095911515        1.2742558752525746     
  0.30599997795823963        56.254282774053394        301.17523879181550        4.8869858102545916        40.285634862679871        1.3218078437932135     
  0.31099997914222344        58.508750781385210        306.70862261544596        5.0592448101239569        42.872580843628242        1.3697493484883343     
  0.31599998017926190        60.828380467588630        312.28454173988791        5.2323187794901216        45.555653417458636        1.4180340893135090     
  0.32099998109632127        63.212734498494740        317.90397925726387        5.4060658294691537        48.333993728607680        1.4666194415733440     
  0.32599998190772150        65.661276616827323        323.56786313372982        5.5803579976693927        51.206631147268880        1.5154665093183963     
  0.33099998262812741        68.173380338250837        329.27706691911044        5.7550809458869354        54.172505334732051        1.5645400977301260     
  0.33599998327808750        70.748337740217096        335.03241096039216        5.9301334474552165        57.230486597047964        1.6138086195714834     
  0.34099998386731550        73.385368170573116        340.83466400971781        6.1054267175742973        60.379394317115015        1.6632439506005414     
  0.34599998440432034        76.083626806291804        346.68454515391710        6.2808836325446391        63.618013382667634        1.7128212470379796     
  0.35099998489605655        78.842212907188937        352.58272596384444        6.4564378796406157        66.945108589372893        1.7625187371992306     
  0.35599998534435956        81.660177692219605        358.52983279312025        6.6320330713938587        70.359437083969965        1.8123174972950535     
  0.36099998575838610        84.536531800014544        364.52644917086718        6.8076218525093593        73.859758945255081        1.8622012199221107     
  0.36599998613115448        87.470252228885059        370.57311821298600        6.9831650217090315        77.444846029420461        1.9121559821325786     
  0.37099998647535898        90.460288845751492        376.67034505176929        7.1586306837490579        81.113489253538773        1.9621700179836894     
  0.37599998678527530        93.505570296610117        382.81859919217891        7.3339934448706421        84.864504461059781        2.0122334998919542     
  0.38099998706631638        96.605009483022599        389.01831682973898        7.5092336586640513        88.696737040694558        2.0623383313035921     
  0.38599998731867990        99.757508485531361        395.26990306415763        7.6843367267679783        92.609065466824703        2.1124779524230464     
  0.39099998754519116        102.96196302955750        401.57373402315523        7.8592924580186772        96.600403889367556        2.1626471604686546     
  0.39599998774523454        106.21726647173956        407.93015887383706        8.0340944838499997        100.66970393574070        2.2128419442151692     
  0.40099998792125946        109.52231336459185        414.33950172740293        8.2087397306056751        104.81595583758366        2.2630593333537870     
  0.40599998807785581        112.87600260353695        420.80206342673159        8.3832279460486596        109.03818899371949        2.3132972621905266     
  0.41099998821040112        116.27724017951579        427.31812321650688        8.5575612752967878        113.33547207777052        2.3635544465685969     
  0.41599998832224144        119.72494161534868        433.88794031501152        8.7317438858645477        117.70691276802306        2.4138302741430886     
  0.42099998841761205        123.21803405062673        440.51175536813452        8.9057816352419685        122.15165717913369        2.4641247063041720     
  0.42599998849534670        126.75545803364642        447.18979180113786        9.0796817781515013        126.66888906010247        2.5144381910802025     
  0.43099998855572941        130.33616906155345        453.92225707847501        9.2534527107160880        131.25782880988726        2.5647715863544347     
  0.43599998860229872        133.95913887393505        460.70934386941872        9.4271037472230841        135.91773235907607        2.6151260922585382     
  0.44099998863419809        137.62335651624284        467.55123112254313        9.6006449250232553        140.64788995496116        2.6655031915413212     
  0.44599998865594803        141.32782923070070        474.44808506729078        9.7740868370825726        145.44762488178742        2.7159045978475373     
  0.45099998866370250        145.07158314563560        481.40006012937181        9.9474404861985377        150.31629214201942        2.7663322102306394     
  0.45599998866242997        148.85366384399171        488.40729978969188        10.120717161104736        155.25327712029119        2.8167880740128064     
  0.46099998865150210        152.67313675959150        495.46993736401453        10.293928329176497        160.25799424513193        2.8672743464945372     
  0.46599998863090208        156.52908747665538        502.58809673192565        10.467085546477012        165.32988566492594        2.9177932677594676     
  0.47099998860228015        160.42062191380577        509.76189300737428        10.640200380577767        170.46841994621585        2.9683471352689343     
  0.47599998856692877        164.34686641421254        516.99143315689423        10.813284346348384        175.67309080340260        3.0189382823210105     
  0.48099998852462827        168.30696775315457        524.27681657057826        10.986348851789534        180.94341586535342        3.0695690595341230     
  0.48599998847571363        172.30009307867468        531.61813559105371        11.159405153415367        186.27893548467858        3.1202418192206918     
  0.49099998842243980        176.32542978991560        539.01547600193442        11.332464319619181        191.67921159084958        3.1709589022000975     
  0.49599998836331671        180.38218535622380        546.46891747630241        11.505537200816342        197.14382658992139        3.2217226267022818     
  0.50099998829936609        184.46958710191851        553.97853399634289        11.678634405692247        202.67238231237062        3.2725352791674656     
  0.50599998823153169        188.58688194508449        561.54439423798601        11.851766282575101        208.26449900826816        3.3233991066556055     
  0.51099998816020620        192.73333610601475        569.16656192772393        12.024942905172152        213.91981439079035        3.3743163106416598     
  0.51599998808466485        196.90823478876152        576.84509617285084        12.198174062148029        219.63798272535689        3.4252890420422442     
  0.52099998800618963        201.11088184401504        584.58005176912650        12.371469249901292        225.41867396594822        3.4763193972823214     
  0.52599998792535907        205.34059940909208        592.37147948345307        12.544837668063845        231.26157293500640        3.5274094152594020     
  0.53099998784183822        209.59672753604025        600.21942631704746        12.718288217309475        237.16637854654357        3.5785610750803789     
  0.53599998775457758        213.87862380905756        608.12393574978375        12.891829499023052        243.13280307035137        3.6297762944354357     
  0.54099998766598389        218.18566295865944        616.08504796911598        13.065469817089056        249.16057143703921        3.6810569286819805     
  0.54599998757635193        222.51723646004581        624.10280007815697        13.239217180217778        255.24942057909337        3.7324047701682286     
  0.55099998748388523        226.87275213450923        632.17722629164587        13.413079305962986        261.39909880899097        3.7838215481330222     
  0.55599998738994549        231.25163375394641        640.30835812067403        13.587063625693526        267.60936523242344        3.8353089289608215     
  0.56099998729435774        235.65332063644624        648.49622454008693        13.761177289936967        273.87998919281699        3.8868685166160089     
  0.56599998719867939        240.07726725104928        656.74085214799254        13.935427174639596        280.21074974751224        3.9385018534138427     
  0.57099998710066346        244.52294281753092        665.04226531036772        14.109819887557938        286.60143517254511        3.9902104208923586     
  0.57599998700084398        248.98983092087386        673.40048630135448        14.284361775395732        293.05184249620680        4.0419956409636919     
  0.58099998690120647        253.47742912381389        681.81553543073403        14.459058931016065        299.56177705816719        4.0938588771431164     
  0.58599998679928156        257.98524858054327        690.28743116058115        14.633917200472784        306.13105209212227        4.1458014357764839     
  0.59099998669815879        262.51281367100279        698.81619022164682        14.808942190896056        312.75948833423581        4.1978245675703887     
  0.59599998659512154        267.05966162312785        707.40182771229843        14.984139277578537        319.44691365057969        4.2499294689313132     
  0.60099998649170128        271.62534216076727        716.04435720081074        15.159513611829556        326.19316268805903        4.3021172835765746     
  0.60599998638780062        276.20941714520177        724.74379081378493        15.335070128185874        332.99807654243915        4.3543891039951799     
  0.61099998628258312        280.81146023063383        733.50013932205661        15.510813551907308        339.86150244606125        4.4067459730320513     
  0.61599998617777751        285.43105652895304        742.31341222216554        15.686748406263975        346.78329347268919        4.4591888854467516     
  0.62099998607153317        290.06780227514366        751.18361780843964        15.862879019503589        353.76330825777956        4.5117187894111623     
  0.62599998596561246        294.72130451187178        760.11076324669625        16.039209532180578        360.80141073522134        4.5643365881473450     
  0.63099998585884809        299.39118077042616        769.09485463697899        16.215743903626816        367.89746988725653        4.6170431413398925     
  0.63599998575225725        304.07705876999046        778.13589707789731        16.392485918918105        375.05135950899313        4.6698392667247353     
  0.64099998564467064        308.77857611697675        787.23389472260999        16.569439195168925        382.26295798461024        4.7227257415045054     
  0.64599998553622529        313.49538001886043        796.38885083502112        16.746607187963665        389.53214807675164        4.7757033038299737     
  0.65099998542859983        318.22712700348484        805.60076784120110        16.923993197515550        396.85881672628631        4.8287726542241574     
  0.65599998532009918        322.97348264201128        814.86964737519145        17.101600374380570        404.24285486249300        4.8819344568958147     
  0.66099998521160641        327.73412128846786        824.19549032722102        17.279431725433977        411.68415722437328        4.9351893411527392     
  0.66599998510254232        332.50872581906100        833.57829688445838        17.457490119299894        419.18262219032920        4.9885379026714469     
  0.67099998499378977        337.29698738428129        843.01806657255429        17.635778291758513        426.73815161732176        5.0419807047789931     
  0.67599998488414759        342.09860516365916        852.51479829179175        17.814298850872039        434.35065068765175        5.0955182796683154     
  0.68099998477521684        346.91328613391659        862.06849035507639        17.993054282045083        442.02002776492054        5.1491511296107326     
  0.68599998466537326        351.74074483621939        871.67914051865330        18.172046952747703        449.74619425565669        5.2028797280831078     
  0.69099998455524214        356.58070315870276        881.34674601641836        18.351279117233005        457.52906447951665        5.2567045209083165     
  0.69599998444553690        361.43289012015146        891.07130358878396        18.530752920953372        465.36855554552540        5.3106259273193697     
  0.70099998433570421        366.29704166091648        900.85280951022924        18.710470404864484        473.26458723369223        5.3646443410031832     
  0.70599998422571575        371.17290044230560        910.69125961677264        18.890433509519173        481.21708188396826        5.4187601310937392     
  0.71099998411510201        376.06021565052930        920.58664933070543        19.070644079105751        489.22596428965545        5.4729736431604872     
  0.71599998400443443        380.95874280806441        930.53897368501350        19.251103865224046        497.29116159668212        5.5272852001291053     
  0.72099998389415343        385.86824358933683        940.54822734531399        19.431814530590323        505.41260320738536        5.5816951031914952     
  0.72599998378377117        390.78848564210523        950.61440463064389        19.612777652490667        513.59022068903221        5.6362036326501164     
  0.73099998367274721        395.71924241578154        960.73749953396884        19.793994726228298        521.82394768681058        5.6908110487699819     
  0.73599998356206842        400.66029299550087        970.91750574195532        19.975467168379971        530.11371984148514        5.7455175925821731     
  0.74099998345144868        405.61142193839896        981.15441665154526        20.157196319894762        538.45947470985152        5.8003234866483764     
  0.74599998334030326        410.57241911751959        991.44822538743097        20.339183449075239        546.86115169000618        5.8552289357980030     
  0.75099998322933614        415.54307957116191        1001.7989248189456        20.521429754541430        555.31869194965304        5.9102341278677901     
  0.75599998311824945        420.52320335412679        1012.2065075741590        20.703936367894141        563.83203835772872        5.9653392343579279     
  0.76099998300743310        425.51259539648464        1022.6709660551574        20.886704356456161        572.40113541942935        6.0205444111185660     
  0.76599998289612570        430.51106536419036        1033.1922924507862        21.069734725719680        581.02592921369694        6.0758497989541018     
  0.77099998278505966        435.51842752735206        1043.7704787509738        21.253028421937721        589.70636733456240        6.1312555242771607     
  0.77599998267369696        440.53450062860139        1054.4055167575730        21.436586334306934        598.44239883383284        6.1867616996449772     
  0.78099998256262704        445.55910775943602        1065.0973980972713        21.620409297367750        607.23397416763692        6.2423684243670081     
  0.78599998245116698        450.59207623692964        1075.8461142314020        21.804498093069856        616.08104514422303        6.2980757850166533     
  0.79099998234000679        455.63323748771279        1086.6516564677490        21.988853452904543        624.98356487510671        6.3538838559682036     
  0.79599998222849289        460.68242693202643        1097.5140159691173        22.173476059829653        633.94148772739356        6.4097926998758030     
  0.80099998211711276        465.73948387493010        1108.4331837640559        22.358366550309871        642.95476927923539        6.4658023681918566     
  0.80599998200586764        470.80425139783534        1119.4091507549219        22.543525515996834        652.02336627610066        6.5219129015807065     
  0.81099998189437206        475.87657625497616        1130.4419077264945        22.728953505612917        661.14723658989999        6.5781243303980332     
  0.81599998178298194        480.95630877334094        1141.5314453545566        22.914651026584671        670.32633917909743        6.6344366750983799     
  0.82099998167121846        486.04330275420375        1152.6777542127875        23.100618546670127        679.56063405123166        6.6908499466444580     
  0.82599998155971466        491.13741537987943        1163.8808247810277        23.286856495578107        688.85008222652573        6.7473641469176169     
  0.83099998144841725        496.23850712085198        1175.1406474512512        23.473365266382771        698.19464570311629        6.8039792690695364     
  0.83599998133672759        501.34644164709351        1186.4572125342052        23.660145216991086        707.59428742358307        6.8606952978931810     
  0.84099998122523922        506.46108574310807        1197.8305102665527        23.847196671581479        717.04897124366619        6.9175122101880788     
  0.84599998111390040        511.58230922318165        1209.2605308158263        24.034519921845753        726.55866190102790        6.9744299750687828     
  0.85099998100226670        516.70998485067821        1220.7472642862051        24.222115228311811        736.12332498618105        7.0314485543006375     
  0.85599998089047080        521.84398826009601        1232.2907007243477        24.409982821554788        745.74292691440223        7.0885679026042876     
  0.86099998077893480        526.98419788079821        1243.8908301243391        24.598122903388660        755.41743489885255        7.1457879679567986     
  0.86599998066724126        532.13049486246723        1255.5476424319334        24.786535647966208        765.14681692403326        7.2031086918673273     
  0.87099998055573558        537.28276300449977        1267.2611275499748        24.975221202901150        774.93104172162134        7.2605300096618244     
  0.87599998044416161        542.44088868568269        1279.0312753420558        25.164179690272633        784.77007874627441        7.3180518507341787     
  0.88099998033222637        547.60476079717341        1290.8580756369572        25.353411207651270        794.66389815221930        7.3756741388059730     
  0.88599998022050697        552.77427067768394        1302.7415182330692        25.542915829089026        804.61247077208702        7.4333967921772954     
  0.89099998010899106        557.94931204909813        1314.6815929013690        25.732693605983066        814.61576809474764        7.4912197239410903     
  0.89599997999721026        563.12978095502012        1326.6782893890577        25.922744567980086        824.67376224551413        7.5491428422116345     
  0.90099997988557434        568.31557570191319        1338.7315974236651        26.113068723906569        834.78642596621648        7.6071660503627045     
  0.90599997977385793        573.50659680008232        1350.8415067154458        26.303666062487913        844.95373259641838        7.6652892472030878     
  0.91099997966219193        578.70274690806559        1363.0080069609805        26.494536553208860        855.17565605520338        7.7235123271967661     
  0.91599997955045598        583.90393077759165        1375.2310878457558        26.685680147032876        865.45217082363263        7.7818351806416208     
  0.92099997943882195        589.11005520090680        1387.5107390472322        26.877096777175840        875.78325192820887        7.8402576938661932     
  0.92599997932698463        594.32102895875187        1399.8469502370410        27.068786359757514        886.16887492394835        7.8987797493905747     
  0.93099997921526501        599.53676277106183        1412.2397110840900        27.260748794533683        896.60901587961951        7.9574012261132436     
  0.93599997910371391        604.75716924784160        1424.6890112564506        27.452983965516790        907.10365136207736        8.0161219994652075     
  0.94099997899198162        609.98216284187970        1437.1948404235332        27.645491741573306        917.65275842186929        8.0749419415582278     
  0.94599997888011145        615.21165980349815        1449.7571882586785        27.838271977107471        928.25631457941006        8.1338609213606752     
  0.95099997876847608        620.44557813587755        1462.3760444411243        28.031324512563163        938.91429781145018        8.1928788048189194     
  0.95599997865657671        625.68383755118987        1475.0513986573187        28.224649175002490        949.62668653781418        8.2519954550032981     
  0.96099997854487240        630.92635942967206        1487.7832406037408        28.418245778697077        960.39345960929620        8.3112107322589921     
  0.96599997843315166        636.17306677773149        1500.5715599877281        28.612114125536607        971.21459629510969        8.3705244943020780     
  0.97099997832132912        641.42388418890312        1513.4163465296174        28.806254005647776        982.09007627140420        8.4299365963808448     
  0.97599997820970696        646.67873780526804        1526.3175899643943        29.000665197776623        993.01987960998270        8.4894468913657164     
  0.98099997809791228        651.93755527948520        1539.2752800426524        29.195347469801920        1004.0039867673678        8.5490552298801337     
  0.98599997798608363        657.20026573896735        1552.2894065326209        29.390300579164190        1015.0423785743848        8.6087614604065017     
  0.99099997787434324        662.46679975016468        1565.3599592212174        29.585524273292215        1026.1350362258877        8.6685654293921655     
  0.99599997776256877        667.73708928404540        1578.4869279152169        29.781018290036858        1037.2819412707338        8.7284669813584799     
   1.0009999776509020        673.01106768278316        1591.6703024426852        29.976782358014511        1048.4830756029064        8.7884659589828864     
   1.0059999775391637        678.28866962696077        1604.9100726538370        30.172816197041783        1059.7384214516287        8.8485622032097329     
   1.0109999774273015        683.56983110409897        1618.2062284223380        30.369119518483405        1071.0479613729076        8.9087555533352134     
   1.0159999773155830        688.85448937794024        1631.5587596464281        30.565692025604594        1082.4116782410049        8.9690458470943142     
   1.0209999772037821        694.14258295805928        1644.9676562494508        30.762533413921737        1093.8295552397401        9.0294329207479471     
   1.0259999770921018        699.43405157116911        1658.4329081812525        30.959643371517160        1105.3015758550707        9.0899166091596690     
   1.0309999769804115        704.72883613236888        1671.9545054186424        31.157021579370731        1116.8277238666633        9.1504967458781952     
   1.0359999768684813        710.02687871762271        1685.5324379663116        31.354667711641738        1128.4079833408136        9.2111731632052276     
   1.0409999767567903        715.32812253739337        1699.1666958580668        31.552581436017864        1140.0423386231325        9.2719456922844490     
   1.0459999766450037        720.63251190958511        1712.8572691566903        31.750762413917528        1151.7307743313327        9.3328141631460682     
   1.0509999765331590        725.93999223480171        1726.6041479552896        31.949210300829385        1163.4732753485373        9.3937784047939470     
   1.0559999764214560        731.25050997144103        1740.4073223778205        32.147924746562268        1175.2698268166298        9.4548382452658082     
   1.0609999763096576        736.56401261121925        1754.2667825793419        32.346905395463814        1187.1204141297828        9.5159935116842576     
   1.0659999761979591        741.88044865621703        1768.1825187470897        32.546151886726214        1199.0250229284638        9.5772440303350521     
   1.0709999760860907        747.19976759544841        1782.1545211004739        32.745663854545953        1210.9836390931737        9.6385896267009681     
   1.0759999759743539        752.52191988324239        1796.1827798921863        32.945440928439190        1222.9962487388243        9.7000301255439627     
   1.0809999758625661        757.84685691690049        1810.2672854080481        33.145482733374159        1235.0628382089601        9.7615653509314484     
   1.0859999757507415        763.17453101602348        1824.4080279678499        33.345788890059524        1247.1833940702836        9.8231951263109902     
   1.0909999756390065        768.50489540181400        1838.6049979256875        33.546359015088321        1259.3579031074935        9.8849192745409642     
   1.0959999755272429        773.83790417690375        1852.8581856701558        33.747192721175004        1271.5863523179364        9.9467376179502267     
   1.1009999754154456        779.17351230596978        1867.1675816248926        33.948289617312867        1283.8687289067329        10.008649978373647     
   1.1059999753035945        784.51167559667863        1881.5331762488340        34.149649308991599        1296.2050202818275        10.070656177206548     
   1.1109999751919242        789.85235068125712        1895.9549600366679        34.351271398351550        1308.5952140494896        10.132756035439948     
   1.1159999750801619        795.19549499802508        1910.4329235186781        34.553155484339754        1321.0392980094255        10.194949373696723     
   1.1209999749683079        800.54106677423715        1924.9670572614598        34.755301162920695        1333.5372601506097        10.257236012284924     
   1.1259999748565308        805.88902500880590        1939.5573518680712        34.957708027192808        1346.0890886468621        10.319615771222391     
   1.1309999747447572        811.23932945538377        1954.2037979780298        35.160375667552827        1358.6947718527324        10.382088470276370     
   1.1359999746330001        816.59194060621610        1968.9063862676876        35.363303671845358        1371.3542982992640        10.444653928998942     
   1.1409999745211805        821.94681967616384        1983.6651074503225        35.566491625510913        1384.0676566902914        10.507311966762156     
   1.1459999744093765        827.30392858729135        1998.4799522764156        35.769939111710208        1396.8348358984285        10.570062402786212     
   1.1509999742977028        832.66322995371104        2013.3509115337481        35.973645711468237        1409.6558249614257        10.632905056173959     
   1.1559999741858842        838.02468706659931        2028.2779760472695        36.177611003782395        1422.5306130784422        10.695839745934572     
   1.1609999740741141        843.38826388028508        2043.2611366797159        36.381834565786249        1435.4591896066688        10.758866291024631     
   1.1659999739623248        848.75392499780764        2058.3003843312713        36.586315972822760        1448.4415440578211        10.821984510361537     
   1.1709999738505770        854.12163565744606        2073.3957099398840        36.791054798577818        1461.4776660948221        10.885194222855713     
   1.1759999737387785        859.49136171922225        2088.5471044811707        36.996050615181289        1474.5675455285032        10.948495247433073     
   1.1809999736269647        864.86306965206154        2103.7545589686524        37.201302993356165        1487.7111723145676        11.011887403072503     
   1.1859999735153059        870.23672652099833        2119.0180644537681        37.406811502450402        1500.9085365504800        11.075370508807373     
   1.1909999734033885        875.61229997450585        2134.3376120255361        37.612575710590924        1514.1596284723780        11.138944383764931     
   1.1959999732917117        880.98975823307637        2149.7131928113999        37.818595184765357        1527.4644384523938        11.202608847183635     
   1.2009999731799323        886.36907007657214        2165.1447979762615        38.024869490899107        1540.8229569956006        11.266363718429192     
   1.2059999730680604        891.75020483327296        2180.6324187231498        38.231398193962299        1554.2351747374219        11.330208817020035     
   1.2109999729563290        897.13313236856470        2196.1760462931484        38.438180858053997        1567.7010824408630        11.394143962645957     
   1.2159999728445583        902.51782307362203        2211.7756719650029        38.645217046462413        1581.2206709938805        11.458168975179484     
   1.2209999727328023        907.90424785504501        2227.4312870554891        38.852506321787388        1594.7939314070381        11.522283674706680     
   1.2259999726209780        913.29237812414738        2243.1428829191377        39.060048245968531        1608.4208548107208        11.586487881528971     
   1.2309999725092007        918.68218578694007        2258.9104509484055        39.267842380403088        1622.1014324530286        11.650781416192839     
   1.2359999723974391        924.07364323395120        2274.7339825734184        39.475888285985718        1635.8356556972524        11.715164099495537     
   1.2409999722856984        929.46672333057688        2290.6134692620249        39.684185523195637        1649.6235160196297        11.779635752505616     
   1.2459999721738753        934.86139940747614        2306.5489025196462        39.892733652149907        1663.4650050070657        11.844196196573119     
   1.2509999720621330        940.25764525146167        2322.5402738894240        40.101532232688562        1677.3601143551664        11.908845253349753     
   1.2559999719503416        945.65543509612553        2338.5875749518204        40.310580824409428        1691.3088358658320        11.973582744793671     
   1.2609999718385669        951.05474361321194        2354.6907973248212        40.519878986750562        1705.3111614453551        12.038408493189078     
   1.2659999717267851        956.45554590379686        2370.8499326636811        40.729426279036097        1719.3670831023778        12.103322321154684     
   1.2709999716150169        961.85781748988484        2387.0649726609117        40.939222260537903        1733.4765929459988        12.168324051657173     
   1.2759999715032178        967.26153430606314        2403.3359090461113        41.149266490519800        1747.6396831837412        12.233413508019350     
   1.2809999713914912        972.66667269152401        2419.6627335859980        41.359558528300880        1761.8563461197157        12.298590513934402     
   1.2859999712797114        978.07320938196642        2436.0454380840742        41.570097933290810        1776.1265741528446        12.363854893471510     
   1.2909999711679145        983.48112150208124        2452.4840143807573        41.780884265068451        1790.4503597750702        12.429206471095091     
   1.2959999710561592        988.89038655786374        2468.9784543531528        41.991917083374076        1804.8276955696065        12.494645071657306     
   1.3009999709443774        994.30098242923577        2485.5287499148817        42.203195948208268        1819.2585742091860        12.560170520423727     
   1.3059999708326389        999.71288736290830        2502.1348930160984        42.414720419850184        1833.7429884546052        12.625782643074229     
   1.3109999707208593        1005.1260799651906        2518.7968756431865        42.626490058895705        1848.2809311528335        12.691481265709989     
   1.3159999706090635        1010.5405391952188        2535.5146898187941        42.838504426304496        1862.8723952356329        12.757266214863483     
   1.3209999704972386        1015.9562443581349        2552.2883276016087        43.050763083432862        1877.5173737180635        12.823137317504072     
   1.3259999703855379        1021.3731750985995        2569.1177810863464        43.263265592093504        1892.2158596967281        12.889094401052134     
   1.3309999702737529        1026.7913113940588        2586.0030424032952        43.476011514537419        1906.9678463485643        12.955137293369013     
   1.3359999701619119        1032.2106335487508        2602.9441037185338        43.689000413547220        1921.7733269292551        13.021265822781739     
   1.3409999700502375        1037.6311221874957        2619.9409572337640        43.902231852445489        1936.6322947720123        13.087479818081395     
   1.3459999699384333        1043.0527582493262        2636.9935951857346        44.115705395110510        1951.5447432858955        13.153779108523885     
   1.3509999698266772        1048.4755229820514        2654.1020098466943        44.329420606039619        1966.5106659548285        13.220163523845571     
   1.3559999697148477        1053.8993979361080        2671.2661935237697        44.543377050343302        1981.5300563360454        13.286632894257485     
   1.3609999696030661        1059.3243649591811        2688.4861385591489        44.757574293814521        1996.6029080589351        13.353187050462992     
   1.3659999694913474        1064.7504061904847        2705.7618373297096        44.972011902911255        2011.7292148237564        13.419825823648532     
   1.3709999693796198        1070.1775040553803        2723.0932822468817        45.186689444808700        2026.9089704004516        13.486549045496121     
   1.3759999692677820        1075.6056412601065        2740.4804657565201        45.401606487422029        2042.1421686273177        13.553356548186795     
   1.3809999691560302        1081.0348007867433        2757.9233803389548        45.616762599430700        2057.4288034101178        13.620248164404515     
   1.3859999690442586        1086.4649658878709        2775.4220185084564        45.832157350297749        2072.7688687206264        13.687223727338692     
   1.3909999689324513        1091.8961200817675        2792.9763728133139        46.047790310278714        2088.1623585957695        13.754283070683494     
   1.3959999688207123        1097.3282471476057        2810.5864358357103        46.263661050481538        2103.6092671364136        13.821426028653073     
   1.4009999687089365        1102.7613311205089        2828.2522001913385        46.479769142843907        2119.1095885062186        13.888652435971201     
   1.4059999685971061        1108.1953562870433        2845.9736585294240        46.696114160173337        2134.6633169308220        13.955962127880468     
   1.4109999684853665        1113.6303071807004        2863.7508035326105        46.912695676170053        2150.2704466966743        14.023354940146204     
   1.4159999683735913        1119.0661685772379        2881.5836279165305        47.129513265433616        2165.9309721499553        14.090830709055387     
   1.4209999682618406        1124.5029254905173        2899.4721244299203        47.346566503487381        2181.6448876957879        14.158389271421177     
   1.4259999681500668        1129.9405631680870        2917.4162858542622        47.563854966791240        2197.4121877971797        14.226030464583841     
   1.4309999680382839        1135.3790670870824        2935.4161050037396        47.781378232760034        2213.2328669740850        14.293754126413509     
   1.4359999679265334        1140.8184229500944        2953.4715747250325        47.999135879774045        2229.1069198025648        14.361560095310528     
   1.4409999678148049        1146.2586166811359        2971.5826878971156        48.217127487206511        2245.0343409137317        14.429448210211149     
   1.4459999677030289        1151.6996344216864        2989.7494374310750        48.435352635416194        2261.0151249930482        14.497418310582415     
   1.4509999675912142        1157.1414625269153        3007.9718162700337        48.653810905785676        2277.0492667793646        14.565470236431281     
   1.4559999674794719        1162.5840875618833        3026.2498173889794        48.872501880698778        2293.1367610641478        14.633603828294911     
   1.4609999673677108        1168.0274962977712        3044.5834337944411        49.091425143601860        2309.2776026905485        14.701818927257062     
   1.4659999672559580        1173.4716757083329        3062.9726585244839        49.310580278963755        2325.4717865526782        14.770115374932981     
   1.4709999671441367        1178.9166129662990        3081.4174846484284        49.529966872326568        2341.7193075948430        14.838493013482696     
   1.4759999670323594        1184.3622954399991        3099.9179052668505        49.749584510295058        2358.0201608107209        14.906951685605122     
   1.4809999669206455        1189.8087106898304        3118.4739135112331        49.969432780544999        2374.3743412425538        14.975491234538222     
   1.4859999668088510        1195.2558464649201        3137.0855025437777        50.189511271850535        2390.7818439804892        15.044111504065036     
   1.4909999666970859        1200.7036906999947        3155.7526655574675        50.409819574074199        2407.2426641618508        15.112812338508217     
   1.4959999665852748        1206.1522315120071        3174.4753957756416        50.630357278183162        2423.7567969703450        15.181593582732701     
