   0.00100001   0.00000009   0.00099991    0.0004807    0.0000001    0.8807288    0.0001811   0.2747E+01   0.9404E+03   0.9376E+03   0.2500E-01   0.8809E+00   0.4808E-03
   0.00600000   0.00000607   0.00599393    0.0057258    0.0000169    2.1342513    0.0084701   0.1115E+02   0.9421E+03   0.9310E+03   0.2500E-01   0.2143E+01   0.5743E-02
   0.01100000   0.00002659   0.01097341    0.0129239    0.0001210    2.7535719    0.0330577   0.1823E+02   0.9430E+03   0.9247E+03   0.2500E-01   0.2787E+01   0.1304E-01
   0.01600000   0.00006677   0.01593323    0.0224956    0.0004132    3.1952857    0.0775449   0.2477E+02   0.9437E+03   0.9189E+03   0.2500E-01   0.3273E+01   0.2291E-01
   0.02100000   0.00013019   0.02086981    0.0352164    0.0010068    3.5551646    0.1439028   0.3094E+02   0.9444E+03   0.9135E+03   0.2500E-01   0.3699E+01   0.3622E-01
   0.02600000   0.00021920   0.02578080    0.0516011    0.0020167    3.8687166    0.2327855   0.3681E+02   0.9452E+03   0.9084E+03   0.2500E-01   0.4102E+01   0.5362E-01
   0.03100001   0.00033507   0.03066494    0.0718850    0.0035511    4.1519305    0.3437558   0.4240E+02   0.9459E+03   0.9035E+03   0.2500E-01   0.4496E+01   0.7544E-01
   0.03600000   0.00047812   0.03552188    0.0961023    0.0057051    4.4123766    0.4755303   0.4774E+02   0.9467E+03   0.8990E+03   0.2500E-01   0.4888E+01   0.1018E+00
   0.04100002   0.00064799   0.04035203    0.1241751    0.0085566    4.6557502    0.6262123   0.5283E+02   0.9475E+03   0.8947E+03   0.2500E-01   0.5282E+01   0.1327E+00
   0.04600000   0.00084367   0.04515632    0.1559953    0.0121655    4.8841485    0.7935276   0.5769E+02   0.9483E+03   0.8906E+03   0.2500E-01   0.5678E+01   0.1682E+00
   0.05100000   0.00106383   0.04993617    0.1914884    0.0165729    5.1013314    0.9750072   0.6232E+02   0.9492E+03   0.8868E+03   0.2500E-01   0.6076E+01   0.2081E+00
   0.05600002   0.00130683   0.05469319    0.2306620    0.0218033    5.3097022    1.1681682   0.6674E+02   0.9500E+03   0.8832E+03   0.2500E-01   0.6478E+01   0.2525E+00
   0.06100001   0.00157083   0.05942918    0.2736383    0.0278662    5.5109498    1.3706114   0.7097E+02   0.9508E+03   0.8799E+03   0.2500E-01   0.6882E+01   0.3015E+00
   0.06600001   0.00185406   0.06414595    0.3206737    0.0347594    5.7079037    1.5801214   0.7500E+02   0.9517E+03   0.8767E+03   0.2500E-01   0.7288E+01   0.3554E+00
   0.07100000   0.00215471   0.06884530    0.3721701    0.0424714    5.9028508    1.7947164   0.7885E+02   0.9525E+03   0.8737E+03   0.2500E-01   0.7698E+01   0.4146E+00
   0.07600002   0.00247111   0.07352891    0.4286782    0.0509839    6.0982697    2.0126752   0.8253E+02   0.9534E+03   0.8709E+03   0.2500E-01   0.8111E+01   0.4797E+00
   0.08100000   0.00280166   0.07819834    0.4908988    0.0602748    6.2956942    2.2325582   0.8606E+02   0.9543E+03   0.8683E+03   0.2500E-01   0.8528E+01   0.5512E+00
   0.08600000   0.00314500   0.08285499    0.5596747    0.0703200    6.4979452    2.4531821   0.8944E+02   0.9553E+03   0.8658E+03   0.2500E-01   0.8951E+01   0.6300E+00
   0.09100003   0.00349994   0.08750009    0.6359892    0.0810951    6.7070507    2.6736262   0.9269E+02   0.9563E+03   0.8636E+03   0.2500E-01   0.9381E+01   0.7171E+00
   0.09600000   0.00386537   0.09213463    0.7209597    0.0925776    6.9243183    2.8932156   0.9581E+02   0.9573E+03   0.8615E+03   0.2500E-01   0.9818E+01   0.8135E+00
   0.10100000   0.00424051   0.09675949    0.8158277    0.1047474    7.1522090    3.1114755   0.9881E+02   0.9584E+03   0.8596E+03   0.2500E-01   0.1026E+02   0.9206E+00
   0.10600000   0.00462468   0.10137531    0.9219571    0.1175881    7.3923286    3.3281319   0.1017E+03   0.9595E+03   0.8578E+03   0.2500E-01   0.1072E+02   0.1040E+01
   0.11100000   0.00501742   0.10598258    1.0408270    0.1310876    7.6463338    3.5430767   0.1045E+03   0.9607E+03   0.8562E+03   0.2500E-01   0.1119E+02   0.1172E+01
   0.11600000   0.00543691   0.11056309    1.1726979    0.1450048    7.8987164    3.7733156   0.1072E+03   0.9620E+03   0.8549E+03   0.2500E-01   0.1167E+02   0.1318E+01
   0.12100000   0.00590743   0.11509256    1.3174237    0.1590774    8.1297640    4.0390955   0.1097E+03   0.9634E+03   0.8537E+03   0.2500E-01   0.1217E+02   0.1477E+01
   0.12600000   0.00640649   0.11959350    1.4783269    0.1736374    8.3630687    4.3179095   0.1120E+03   0.9648E+03   0.8528E+03   0.2500E-01   0.1268E+02   0.1652E+01
   0.13100000   0.00692787   0.12407213    1.6577066    0.1887893    8.6064178    4.6035450   0.1143E+03   0.9663E+03   0.8520E+03   0.2500E-01   0.1321E+02   0.1846E+01
   0.13600000   0.00746865   0.12853134    1.8577395    0.2045943    8.8643487    4.8932109   0.1165E+03   0.9679E+03   0.8514E+03   0.2500E-01   0.1376E+02   0.2062E+01
   0.14100000   0.00802729   0.13297271    2.0806144    0.2210989    9.1400854    5.1855091   0.1186E+03   0.9696E+03   0.8510E+03   0.2500E-01   0.1433E+02   0.2302E+01
   0.14600000   0.00860294   0.13739706    2.3285742    0.2383442    9.4361554    5.4797759   0.1207E+03   0.9715E+03   0.8508E+03   0.2500E-01   0.1492E+02   0.2567E+01
   0.15100000   0.00919523   0.14180477    2.6039365    0.2563693    9.7546668    5.7757794   0.1227E+03   0.9735E+03   0.8507E+03   0.2500E-01   0.1553E+02   0.2860E+01
   0.15600000   0.00980407   0.14619592    2.9091056    0.2752131   10.0974767    6.0735491   0.1247E+03   0.9756E+03   0.8509E+03   0.2500E-01   0.1617E+02   0.3184E+01
   0.16100000   0.01042959   0.15057040    3.2465807    0.2949148   10.4662816    6.3732738   0.1267E+03   0.9778E+03   0.8512E+03   0.2500E-01   0.1684E+02   0.3541E+01
   0.16600000   0.01107203   0.15492796    3.6189624    0.3155143   10.8626859    6.6752322   0.1286E+03   0.9802E+03   0.8517E+03   0.2500E-01   0.1754E+02   0.3934E+01
   0.17100000   0.01173172   0.15926828    4.0289564    0.3370516   11.2882490    6.9797436   0.1305E+03   0.9828E+03   0.8523E+03   0.2500E-01   0.1827E+02   0.4366E+01
   0.17600000   0.01240901   0.16359098    4.4793759    0.3595666   11.7445221    7.2871322   0.1323E+03   0.9855E+03   0.8532E+03   0.2500E-01   0.1903E+02   0.4839E+01
   0.18100000   0.01310426   0.16789574    4.9731415    0.3830981   12.2330745    7.5976999   0.1342E+03   0.9884E+03   0.8542E+03   0.2500E-01   0.1983E+02   0.5356E+01
   0.18600000   0.01381778   0.17218221    5.5132778    0.4076836   12.7555151    7.9117047   0.1360E+03   0.9915E+03   0.8555E+03   0.2500E-01   0.2067E+02   0.5921E+01
   0.19100000   0.01454984   0.17645016    6.1029075    0.4333580   13.3135076    8.2293448   0.1378E+03   0.9948E+03   0.8570E+03   0.2500E-01   0.2154E+02   0.6536E+01
   0.19600000   0.01530059   0.18069941    6.7452419    0.4601529   13.9087813    8.5507458   0.1396E+03   0.9982E+03   0.8586E+03   0.2500E-01   0.2246E+02   0.7205E+01
   0.20100000   0.01607010   0.18492990    7.4435672    0.4880958   14.5431373    8.8759516   0.1414E+03   0.1002E+04   0.8605E+03   0.2500E-01   0.2342E+02   0.7932E+01
   0.20600000   0.01685832   0.18914168    8.2012273    0.5172090   15.2184507    9.2049180   0.1432E+03   0.1006E+04   0.8626E+03   0.2500E-01   0.2442E+02   0.8718E+01
   0.21100001   0.01766505   0.19333496    9.0216015    0.5475092   15.9366942    9.5375089   0.1449E+03   0.1010E+04   0.8649E+03   0.2500E-01   0.2547E+02   0.9569E+01
   0.21600000   0.01848993   0.19751006    9.9080803    0.5790067   16.6998090    9.8735002   0.1467E+03   0.1014E+04   0.8675E+03   0.2500E-01   0.2657E+02   0.1049E+02
   0.22100000   0.01933251   0.20166748   10.8640340    0.6117045   17.5099329   10.2125714   0.1484E+03   0.1019E+04   0.8703E+03   0.2500E-01   0.2772E+02   0.1148E+02
   0.22600000   0.02019214   0.20580785   11.8927826    0.6455983   18.3691599   10.5543207   0.1501E+03   0.1023E+04   0.8733E+03   0.2500E-01   0.2892E+02   0.1254E+02
   0.23099999   0.02106805   0.20993195   12.9975607    0.6806762   19.2796271   10.8982675   0.1518E+03   0.1028E+04   0.8766E+03   0.2500E-01   0.3018E+02   0.1368E+02
   0.23599999   0.02195932   0.21404067   14.1814822    0.7169183   20.2434783   11.2438619   0.1535E+03   0.1034E+04   0.8801E+03   0.2500E-01   0.3149E+02   0.1490E+02
   0.24099999   0.02286494   0.21813506   15.4475060    0.7542977   21.2628416   11.5904961   0.1552E+03   0.1039E+04   0.8839E+03   0.2500E-01   0.3285E+02   0.1620E+02
   0.24599999   0.02378375   0.22221624   16.7984015    0.7927799   22.3398043   11.9375176   0.1568E+03   0.1045E+04   0.8880E+03   0.2500E-01   0.3428E+02   0.1759E+02
   0.25099999   0.02471455   0.22628545   18.2367053    0.8323232   23.4763985   12.2842302   0.1584E+03   0.1051E+04   0.8923E+03   0.2500E-01   0.3576E+02   0.1907E+02
   0.25599999   0.02565607   0.23034393   19.7647503    0.8728830   24.6745220   12.6299636   0.1600E+03   0.1057E+04   0.8969E+03   0.2500E-01   0.3730E+02   0.2064E+02
   0.26099998   0.02660691   0.23439306   21.3845575    0.9144064   25.9360090   12.9739927   0.1616E+03   0.1063E+04   0.9017E+03   0.2500E-01   0.3891E+02   0.2230E+02
   0.26599997   0.02756579   0.23843418   23.0978774    0.9568376   27.2625724   13.3156264   0.1632E+03   0.1070E+04   0.9068E+03   0.2500E-01   0.4058E+02   0.2405E+02
   0.27099997   0.02853136   0.24246861   24.9061691    1.0001185   28.6557337   13.6541964   0.1647E+03   0.1077E+04   0.9122E+03   0.2500E-01   0.4231E+02   0.2591E+02
   0.27599997   0.02950228   0.24649769   26.8105956    1.0441885   30.1168480   13.9890690   0.1663E+03   0.1084E+04   0.9178E+03   0.2500E-01   0.4411E+02   0.2785E+02
   0.28099997   0.03047729   0.25052268   28.8120264    1.0889865   31.6470899   14.3196547   0.1678E+03   0.1091E+04   0.9236E+03   0.2500E-01   0.4597E+02   0.2990E+02
   0.28599997   0.03145516   0.25454481   30.9110464    1.1344514   33.2474430   14.6454157   0.1692E+03   0.1099E+04   0.9297E+03   0.2500E-01   0.4789E+02   0.3205E+02
   0.29099997   0.03243474   0.25856523   33.1079697    1.1805231   34.9186948   14.9658714   0.1707E+03   0.1107E+04   0.9360E+03   0.2500E-01   0.4988E+02   0.3429E+02
   0.29599998   0.03341497   0.26258501   35.4028575    1.2271433   36.6614349   15.2806019   0.1721E+03   0.1115E+04   0.9426E+03   0.2500E-01   0.5194E+02   0.3663E+02
   0.30099998   0.03439485   0.26660512   37.7955391    1.2742559   38.4760571   15.5892494   0.1735E+03   0.1123E+04   0.9494E+03   0.2500E-01   0.5407E+02   0.3907E+02
   0.30599998   0.03537351   0.27062647   40.2856349    1.3218078   40.3627641   15.8915187   0.1748E+03   0.1131E+04   0.9564E+03   0.2500E-01   0.5625E+02   0.4161E+02
   0.31099998   0.03635014   0.27464984   42.8725808    1.3697493   42.3215760   16.1871748   0.1762E+03   0.1140E+04   0.9636E+03   0.2500E-01   0.5851E+02   0.4424E+02
   0.31599998   0.03732405   0.27867593   45.5556534    1.4180341   44.3523395   16.4760410   0.1775E+03   0.1148E+04   0.9710E+03   0.2500E-01   0.6083E+02   0.4697E+02
   0.32099998   0.03829462   0.28270536   48.3339937    1.4666194   46.4547398   16.7579947   0.1788E+03   0.1157E+04   0.9786E+03   0.2500E-01   0.6321E+02   0.4980E+02
   0.32599998   0.03926134   0.28673865   51.2066311    1.5154665   48.6283133   17.0329634   0.1800E+03   0.1166E+04   0.9864E+03   0.2500E-01   0.6566E+02   0.5272E+02
   0.33099998   0.04022375   0.29077623   54.1725053    1.5645401   50.8724605   17.3009198   0.1813E+03   0.1176E+04   0.9943E+03   0.2500E-01   0.6817E+02   0.5574E+02
   0.33599998   0.04118149   0.29481849   57.2304866    1.6138086   53.1864604   17.5618774   0.1825E+03   0.1185E+04   0.1002E+04   0.2500E-01   0.7075E+02   0.5884E+02
   0.34099998   0.04213428   0.29886571   60.3793943    1.6632440   55.5694834   17.8158848   0.1837E+03   0.1194E+04   0.1011E+04   0.2500E-01   0.7339E+02   0.6204E+02
   0.34599998   0.04308187   0.30291812   63.6180134    1.7128212   58.0206053   18.0630215   0.1848E+03   0.1204E+04   0.1019E+04   0.2500E-01   0.7608E+02   0.6533E+02
   0.35099998   0.04402409   0.30697590   66.9451086    1.7625187   60.5388196   18.3033933   0.1860E+03   0.1214E+04   0.1028E+04   0.2500E-01   0.7884E+02   0.6871E+02
   0.35599999   0.04496082   0.31103916   70.3594371    1.8123175   63.1230502   18.5371275   0.1871E+03   0.1223E+04   0.1036E+04   0.2500E-01   0.8166E+02   0.7217E+02
   0.36099999   0.04589199   0.31510800   73.8597589    1.8622012   65.7721625   18.7643693   0.1882E+03   0.1233E+04   0.1045E+04   0.2500E-01   0.8454E+02   0.7572E+02
   0.36599999   0.04681754   0.31918244   77.4448460    1.9121560   68.4849738   18.9852784   0.1893E+03   0.1243E+04   0.1054E+04   0.2500E-01   0.8747E+02   0.7936E+02
   0.37099999   0.04773748   0.32326250   81.1134893    1.9621700   71.2602636   19.2000252   0.1903E+03   0.1253E+04   0.1063E+04   0.2500E-01   0.9046E+02   0.8308E+02
   0.37599999   0.04865184   0.32734815   84.8645045    2.0122335   74.0967820   19.4087883   0.1914E+03   0.1264E+04   0.1072E+04   0.2500E-01   0.9351E+02   0.8688E+02
   0.38099999   0.04956065   0.33143934   88.6967370    2.0623383   76.9932575   19.6117520   0.1924E+03   0.1274E+04   0.1081E+04   0.2500E-01   0.9661E+02   0.9076E+02
   0.38599999   0.05046399   0.33553600   92.6090655    2.1124780   79.9484044   19.8091041   0.1934E+03   0.1284E+04   0.1091E+04   0.2500E-01   0.9976E+02   0.9472E+02
   0.39099999   0.05136194   0.33963805   96.6004039    2.1626472   82.9609292   20.0010338   0.1944E+03   0.1295E+04   0.1100E+04   0.2500E-01   0.1030E+03   0.9876E+02
   0.39599999   0.05225460   0.34374539  100.6697039    2.2128419   86.0295359   20.1877306   0.1953E+03   0.1305E+04   0.1110E+04   0.2500E-01   0.1062E+03   0.1029E+03
   0.40099999   0.05314208   0.34785790  104.8159558    2.2630593   89.1529308   20.3693825   0.1963E+03   0.1316E+04   0.1119E+04   0.2500E-01   0.1095E+03   0.1071E+03
   0.40599999   0.05402451   0.35197548  109.0381890    2.3132973   92.3298271   20.5461755   0.1972E+03   0.1326E+04   0.1129E+04   0.2500E-01   0.1129E+03   0.1114E+03
   0.41099999   0.05490201   0.35609798  113.3354721    2.3635544   95.5589483   20.7182919   0.1981E+03   0.1337E+04   0.1139E+04   0.2500E-01   0.1163E+03   0.1157E+03
   0.41599999   0.05577470   0.36022528  117.7069128    2.4138303   98.8390313   20.8859103   0.1991E+03   0.1347E+04   0.1148E+04   0.2500E-01   0.1197E+03   0.1201E+03
   0.42099999   0.05664273   0.36435726  122.1516572    2.4641247  102.1688291   21.0492050   0.2000E+03   0.1358E+04   0.1158E+04   0.2500E-01   0.1232E+03   0.1246E+03
   0.42599999   0.05750623   0.36849376  126.6688891    2.5144382  105.5471130   21.2083450   0.2008E+03   0.1369E+04   0.1168E+04   0.2500E-01   0.1268E+03   0.1292E+03
   0.43099999   0.05836534   0.37263465  131.2578288    2.5647716  108.9726747   21.3634944   0.2017E+03   0.1380E+04   0.1178E+04   0.2500E-01   0.1303E+03   0.1338E+03
   0.43599999   0.05922019   0.37677980  135.9177324    2.6151261  112.4443272   21.5148116   0.2026E+03   0.1391E+04   0.1188E+04   0.2500E-01   0.1340E+03   0.1385E+03
   0.44099999   0.06007091   0.38092907  140.6478900    2.6655032  115.9609067   21.6624498   0.2034E+03   0.1402E+04   0.1198E+04   0.2500E-01   0.1376E+03   0.1433E+03
   0.44599999   0.06091766   0.38508233  145.4476249    2.7159046  119.5212730   21.8065562   0.2042E+03   0.1413E+04   0.1208E+04   0.2500E-01   0.1413E+03   0.1482E+03
   0.45099999   0.06176054   0.38923944  150.3162921    2.7663322  123.1243105   21.9472726   0.2051E+03   0.1424E+04   0.1218E+04   0.2500E-01   0.1451E+03   0.1531E+03
   0.45599999   0.06259971   0.39340028  155.2532771    2.8167881  126.7689286   22.0847352   0.2059E+03   0.1434E+04   0.1229E+04   0.2500E-01   0.1489E+03   0.1581E+03
   0.46099999   0.06343528   0.39756471  160.2579942    2.8672743  130.4540622   22.2190745   0.2067E+03   0.1446E+04   0.1239E+04   0.2500E-01   0.1527E+03   0.1631E+03
   0.46599999   0.06426738   0.40173261  165.3298857    2.9177933  134.1786716   22.3504158   0.2075E+03   0.1457E+04   0.1249E+04   0.2500E-01   0.1565E+03   0.1682E+03
   0.47099999   0.06509612   0.40590387  170.4684199    2.9683471  137.9417429   22.4788791   0.2082E+03   0.1468E+04   0.1259E+04   0.2500E-01   0.1604E+03   0.1734E+03
   0.47599999   0.06592163   0.41007835  175.6730908    3.0189383  141.7422875   22.6045789   0.2090E+03   0.1479E+04   0.1270E+04   0.2500E-01   0.1643E+03   0.1787E+03
   0.48099999   0.06674403   0.41425596  180.9434159    3.0695691  145.5793425   22.7276252   0.2098E+03   0.1490E+04   0.1280E+04   0.2500E-01   0.1683E+03   0.1840E+03
   0.48599999   0.06756341   0.41843658  186.2789355    3.1202418  149.4519701   22.8481230   0.2105E+03   0.1501E+04   0.1290E+04   0.2500E-01   0.1723E+03   0.1894E+03
   0.49099999   0.06837990   0.42262009  191.6792116    3.1709589  153.3592575   22.9661723   0.2113E+03   0.1512E+04   0.1301E+04   0.2500E-01   0.1763E+03   0.1949E+03
   0.49599999   0.06919358   0.42680641  197.1438266    3.2217226  157.3003162   23.0818692   0.2120E+03   0.1523E+04   0.1311E+04   0.2500E-01   0.1804E+03   0.2004E+03
   0.50099999   0.07000457   0.43099542  202.6723823    3.2725353  161.2742821   23.1953050   0.2127E+03   0.1535E+04   0.1322E+04   0.2500E-01   0.1845E+03   0.2059E+03
   0.50599999   0.07081295   0.43518704  208.2644990    3.3233991  165.2803147   23.3065673   0.2135E+03   0.1546E+04   0.1332E+04   0.2500E-01   0.1886E+03   0.2116E+03
   0.51099999   0.07161883   0.43938116  213.9198144    3.3743163  169.3175968   23.4157393   0.2142E+03   0.1557E+04   0.1343E+04   0.2500E-01   0.1927E+03   0.2173E+03
   0.51599999   0.07242229   0.44357770  219.6379827    3.4252890  173.3853341   23.5229007   0.2149E+03   0.1568E+04   0.1353E+04   0.2500E-01   0.1969E+03   0.2231E+03
   0.52099999   0.07322341   0.44777658  225.4186740    3.4763194  177.4827542   23.6281276   0.2156E+03   0.1579E+04   0.1364E+04   0.2500E-01   0.2011E+03   0.2289E+03
   0.52599999   0.07402228   0.45197770  231.2615729    3.5274094  181.6091069   23.7314925   0.2163E+03   0.1591E+04   0.1374E+04   0.2500E-01   0.2053E+03   0.2348E+03
   0.53099999   0.07481899   0.45618100  237.1663785    3.5785611  185.7636628   23.8330647   0.2170E+03   0.1602E+04   0.1385E+04   0.2500E-01   0.2096E+03   0.2407E+03
   0.53599999   0.07561360   0.46038639  243.1328031    3.6297763  189.9457134   23.9329104   0.2177E+03   0.1613E+04   0.1396E+04   0.2500E-01   0.2139E+03   0.2468E+03
   0.54099999   0.07640620   0.46459379  249.1605714    3.6810569  194.1545704   24.0310926   0.2183E+03   0.1625E+04   0.1406E+04   0.2500E-01   0.2182E+03   0.2528E+03
   0.54599999   0.07719684   0.46880314  255.2494206    3.7324048  198.3895648   24.1276717   0.2190E+03   0.1636E+04   0.1417E+04   0.2500E-01   0.2225E+03   0.2590E+03
   0.55099999   0.07798561   0.47301438  261.3990988    3.7838215  202.6500469   24.2227053   0.2197E+03   0.1647E+04   0.1427E+04   0.2500E-01   0.2269E+03   0.2652E+03
   0.55599999   0.07877257   0.47722742  267.6093652    3.8353089  206.9353855   24.3162483   0.2203E+03   0.1658E+04   0.1438E+04   0.2500E-01   0.2313E+03   0.2714E+03
   0.56099999   0.07955777   0.48144222  273.8799892    3.8868685  211.2449674   24.4083532   0.2210E+03   0.1670E+04   0.1449E+04   0.2500E-01   0.2357E+03   0.2778E+03
   0.56599999   0.08034129   0.48565870  280.2107497    3.9385019  215.5781968   24.4990704   0.2216E+03   0.1681E+04   0.1459E+04   0.2500E-01   0.2401E+03   0.2841E+03
   0.57099999   0.08112317   0.48987681  286.6014352    3.9902104  219.9344951   24.5884477   0.2223E+03   0.1692E+04   0.1470E+04   0.2500E-01   0.2445E+03   0.2906E+03
   0.57599999   0.08190349   0.49409650  293.0518425    4.0419956  224.3132998   24.6765311   0.2229E+03   0.1704E+04   0.1481E+04   0.2500E-01   0.2490E+03   0.2971E+03
   0.58099999   0.08268228   0.49831771  299.5617771    4.0938589  228.7140648   24.7633643   0.2235E+03   0.1715E+04   0.1492E+04   0.2500E-01   0.2535E+03   0.3037E+03
   0.58599999   0.08345960   0.50254038  306.1310521    4.1458014  233.1362593   24.8489893   0.2241E+03   0.1726E+04   0.1502E+04   0.2500E-01   0.2580E+03   0.3103E+03
   0.59099999   0.08423551   0.50676448  312.7594883    4.1978246  237.5793675   24.9334461   0.2248E+03   0.1738E+04   0.1513E+04   0.2500E-01   0.2625E+03   0.3170E+03
   0.59599999   0.08501005   0.51098994  319.4469137    4.2499295  242.0428884   25.0167733   0.2254E+03   0.1749E+04   0.1524E+04   0.2500E-01   0.2671E+03   0.3237E+03
   0.60099999   0.08578326   0.51521673  326.1931627    4.3021173  246.5263348   25.0990074   0.2260E+03   0.1761E+04   0.1535E+04   0.2500E-01   0.2716E+03   0.3305E+03
   0.60599999   0.08655520   0.51944479  332.9980765    4.3543891  251.0292335   25.1801836   0.2266E+03   0.1772E+04   0.1545E+04   0.2500E-01   0.2762E+03   0.3374E+03
   0.61099999   0.08732589   0.52367409  339.8615024    4.4067460  255.5511245   25.2603357   0.2272E+03   0.1783E+04   0.1556E+04   0.2500E-01   0.2808E+03   0.3443E+03
   0.61599999   0.08809539   0.52790459  346.7832935    4.4591889  260.0915607   25.3394959   0.2278E+03   0.1795E+04   0.1567E+04   0.2500E-01   0.2854E+03   0.3512E+03
   0.62099999   0.08886374   0.53213625  353.7633083    4.5117188  264.6501073   25.4176949   0.2284E+03   0.1806E+04   0.1578E+04   0.2500E-01   0.2901E+03   0.3583E+03
   0.62599999   0.08963097   0.53636902  360.8014107    4.5643366  269.2263419   25.4949626   0.2290E+03   0.1817E+04   0.1588E+04   0.2500E-01   0.2947E+03   0.3654E+03
   0.63099999   0.09039711   0.54060287  367.8974699    4.6170431  273.8198536   25.5713272   0.2296E+03   0.1829E+04   0.1599E+04   0.2500E-01   0.2994E+03   0.3725E+03
   0.63599999   0.09116221   0.54483777  375.0513595    4.6698393  278.4302428   25.6468159   0.2302E+03   0.1840E+04   0.1610E+04   0.2500E-01   0.3041E+03   0.3797E+03
   0.64099999   0.09192630   0.54907368  382.2629580    4.7227257  283.0571212   25.7214550   0.2307E+03   0.1852E+04   0.1621E+04   0.2500E-01   0.3088E+03   0.3870E+03
   0.64599999   0.09268941   0.55331057  389.5321481    4.7757033  287.7001107   25.7952693   0.2313E+03   0.1863E+04   0.1632E+04   0.2500E-01   0.3135E+03   0.3943E+03
   0.65099999   0.09345157   0.55754841  396.8588167    4.8287727  292.3588439   25.8682831   0.2319E+03   0.1874E+04   0.1642E+04   0.2500E-01   0.3182E+03   0.4017E+03
   0.65599999   0.09421281   0.56178717  404.2428549    4.8819345  297.0329634   25.9405193   0.2324E+03   0.1886E+04   0.1653E+04   0.2500E-01   0.3230E+03   0.4091E+03
   0.66099999   0.09497317   0.56602682  411.6841572    4.9351893  301.7221212   26.0120001   0.2330E+03   0.1897E+04   0.1664E+04   0.2500E-01   0.3277E+03   0.4166E+03
   0.66599999   0.09573266   0.57026733  419.1826222    4.9885379  306.4259789   26.0827469   0.2336E+03   0.1908E+04   0.1675E+04   0.2500E-01   0.3325E+03   0.4242E+03
   0.67099998   0.09649132   0.57450867  426.7381516    5.0419807  311.1442073   26.1527801   0.2341E+03   0.1920E+04   0.1686E+04   0.2500E-01   0.3373E+03   0.4318E+03
   0.67599998   0.09724917   0.57875082  434.3506507    5.0955183  315.8764859   26.2221193   0.2347E+03   0.1931E+04   0.1696E+04   0.2500E-01   0.3421E+03   0.4394E+03
   0.68099998   0.09800624   0.58299375  442.0200278    5.1491511  320.6225026   26.2907835   0.2352E+03   0.1943E+04   0.1707E+04   0.2500E-01   0.3469E+03   0.4472E+03
   0.68599998   0.09876255   0.58723744  449.7461943    5.2028797  325.3819539   26.3587909   0.2358E+03   0.1954E+04   0.1718E+04   0.2500E-01   0.3517E+03   0.4549E+03
   0.69099998   0.09951812   0.59148186  457.5290645    5.2567045  330.1545441   26.4261590   0.2363E+03   0.1965E+04   0.1729E+04   0.2500E-01   0.3566E+03   0.4628E+03
   0.69599998   0.10027298   0.59572700  465.3685555    5.3106259  334.9399854   26.4929047   0.2369E+03   0.1977E+04   0.1740E+04   0.2500E-01   0.3614E+03   0.4707E+03
   0.70099998   0.10102715   0.59997283  473.2645872    5.3646443  339.7379976   26.5590441   0.2374E+03   0.1988E+04   0.1751E+04   0.2500E-01   0.3663E+03   0.4786E+03
   0.70599998   0.10178066   0.60421933  481.2170819    5.4187601  344.5483076   26.6245928   0.2379E+03   0.1999E+04   0.1762E+04   0.2500E-01   0.3712E+03   0.4866E+03
   0.71099998   0.10253351   0.60846648  489.2259643    5.4729736  349.3706497   26.6895660   0.2385E+03   0.2011E+04   0.1772E+04   0.2500E-01   0.3761E+03   0.4947E+03
   0.71599998   0.10328573   0.61271426  497.2911616    5.5272852  354.2047648   26.7539780   0.2390E+03   0.2022E+04   0.1783E+04   0.2500E-01   0.3810E+03   0.5028E+03
   0.72099998   0.10403734   0.61696265  505.4126032    5.5816951  359.0504007   26.8178429   0.2395E+03   0.2034E+04   0.1794E+04   0.2500E-01   0.3859E+03   0.5110E+03
   0.72599998   0.10478835   0.62121163  513.5902207    5.6362036  363.9073114   26.8811742   0.2400E+03   0.2045E+04   0.1805E+04   0.2500E-01   0.3908E+03   0.5192E+03
   0.73099998   0.10553880   0.62546119  521.8239477    5.6908110  368.7752576   26.9439848   0.2405E+03   0.2056E+04   0.1816E+04   0.2500E-01   0.3957E+03   0.5275E+03
   0.73599998   0.10628868   0.62971131  530.1137198    5.7455176  373.6540058   27.0062872   0.2411E+03   0.2068E+04   0.1827E+04   0.2500E-01   0.4007E+03   0.5359E+03
   0.74099998   0.10703802   0.63396197  538.4594747    5.8003235  378.5433284   27.0680935   0.2416E+03   0.2079E+04   0.1838E+04   0.2500E-01   0.4056E+03   0.5443E+03
   0.74599998   0.10778683   0.63821315  546.8611517    5.8552289  383.4430036   27.1294155   0.2421E+03   0.2090E+04   0.1848E+04   0.2500E-01   0.4106E+03   0.5527E+03
   0.75099998   0.10853513   0.64246485  555.3186919    5.9102341  388.3528153   27.1902643   0.2426E+03   0.2102E+04   0.1859E+04   0.2500E-01   0.4155E+03   0.5612E+03
   0.75599998   0.10928294   0.64671704  563.8320384    5.9653392  393.2725525   27.2506509   0.2431E+03   0.2113E+04   0.1870E+04   0.2500E-01   0.4205E+03   0.5698E+03
   0.76099998   0.11003026   0.65096972  572.4011354    6.0205444  398.2020097   27.3105857   0.2436E+03   0.2125E+04   0.1881E+04   0.2500E-01   0.4255E+03   0.5784E+03
   0.76599998   0.11077712   0.65522286  581.0259292    6.0758498  403.1409865   27.3700789   0.2441E+03   0.2136E+04   0.1892E+04   0.2500E-01   0.4305E+03   0.5871E+03
   0.77099998   0.11152352   0.65947646  589.7063673    6.1312555  408.0892872   27.4291403   0.2446E+03   0.2147E+04   0.1903E+04   0.2500E-01   0.4355E+03   0.5958E+03
   0.77599998   0.11226948   0.66373051  598.4423988    6.1867617  413.0467212   27.4877794   0.2451E+03   0.2159E+04   0.1914E+04   0.2500E-01   0.4405E+03   0.6046E+03
   0.78099998   0.11301501   0.66798498  607.2339742    6.2423684  418.0131023   27.5460054   0.2456E+03   0.2170E+04   0.1924E+04   0.2500E-01   0.4456E+03   0.6135E+03
   0.78599998   0.11376012   0.67223987  616.0810451    6.2980758  422.9882491   27.6038272   0.2461E+03   0.2181E+04   0.1935E+04   0.2500E-01   0.4506E+03   0.6224E+03
   0.79099998   0.11450482   0.67649516  624.9835649    6.3538839  427.9719843   27.6612532   0.2466E+03   0.2193E+04   0.1946E+04   0.2500E-01   0.4556E+03   0.6313E+03
   0.79599998   0.11524913   0.68075085  633.9414877    6.4097927  432.9641350   27.7182919   0.2471E+03   0.2204E+04   0.1957E+04   0.2500E-01   0.4607E+03   0.6404E+03
   0.80099998   0.11599306   0.68500692  642.9547693    6.4658024  437.9645325   27.7749513   0.2475E+03   0.2216E+04   0.1968E+04   0.2500E-01   0.4657E+03   0.6494E+03
   0.80599998   0.11673661   0.68926337  652.0233663    6.5219129  442.9730122   27.8312392   0.2480E+03   0.2227E+04   0.1979E+04   0.2500E-01   0.4708E+03   0.6585E+03
   0.81099998   0.11747981   0.69352018  661.1472366    6.5781243  447.9894131   27.8871631   0.2485E+03   0.2238E+04   0.1990E+04   0.2500E-01   0.4759E+03   0.6677E+03
   0.81599998   0.11822265   0.69777734  670.3263392    6.6344367  453.0135784   27.9427304   0.2490E+03   0.2250E+04   0.2001E+04   0.2500E-01   0.4810E+03   0.6770E+03
   0.82099998   0.11896514   0.70203484  679.5606341    6.6908499  458.0453547   27.9979480   0.2495E+03   0.2261E+04   0.2011E+04   0.2500E-01   0.4860E+03   0.6863E+03
   0.82599998   0.11970730   0.70629268  688.8500822    6.7473641  463.0845924   28.0528229   0.2499E+03   0.2272E+04   0.2022E+04   0.2500E-01   0.4911E+03   0.6956E+03
   0.83099998   0.12044914   0.71055084  698.1946457    6.8039793  468.1311453   28.1073618   0.2504E+03   0.2284E+04   0.2033E+04   0.2500E-01   0.4962E+03   0.7050E+03
   0.83599998   0.12119066   0.71480932  707.5942874    6.8606953  473.1848706   28.1615711   0.2509E+03   0.2295E+04   0.2044E+04   0.2500E-01   0.5013E+03   0.7145E+03
   0.84099998   0.12193188   0.71906810  717.0489712    6.9175122  478.2456288   28.2154570   0.2513E+03   0.2306E+04   0.2055E+04   0.2500E-01   0.5065E+03   0.7240E+03
   0.84599998   0.12267279   0.72332719  726.5586619    6.9744300  483.3132836   28.2690256   0.2518E+03   0.2318E+04   0.2066E+04   0.2500E-01   0.5116E+03   0.7335E+03
   0.85099998   0.12341342   0.72758656  736.1233250    7.0314486  488.3877019   28.3222829   0.2523E+03   0.2329E+04   0.2077E+04   0.2500E-01   0.5167E+03   0.7432E+03
   0.85599998   0.12415376   0.73184622  745.7429269    7.0885679  493.4687537   28.3752346   0.2527E+03   0.2340E+04   0.2088E+04   0.2500E-01   0.5218E+03   0.7528E+03
   0.86099998   0.12489382   0.73610616  755.4174349    7.1457880  498.5563118   28.4278861   0.2532E+03   0.2352E+04   0.2098E+04   0.2500E-01   0.5270E+03   0.7626E+03
   0.86599998   0.12563362   0.74036636  765.1468169    7.2031087  503.6502519   28.4802430   0.2537E+03   0.2363E+04   0.2109E+04   0.2500E-01   0.5321E+03   0.7723E+03
   0.87099998   0.12637316   0.74462682  774.9310417    7.2605300  508.7504526   28.5323104   0.2541E+03   0.2374E+04   0.2120E+04   0.2500E-01   0.5373E+03   0.7822E+03
   0.87599998   0.12711244   0.74888754  784.7700787    7.3180519  513.8567953   28.5840934   0.2546E+03   0.2386E+04   0.2131E+04   0.2500E-01   0.5424E+03   0.7921E+03
   0.88099998   0.12785147   0.75314851  794.6638982    7.3756741  518.9691637   28.6355971   0.2550E+03   0.2397E+04   0.2142E+04   0.2500E-01   0.5476E+03   0.8020E+03
   0.88599998   0.12859026   0.75740972  804.6124708    7.4333968  524.0874445   28.6868261   0.2555E+03   0.2408E+04   0.2153E+04   0.2500E-01   0.5528E+03   0.8120E+03
   0.89099998   0.12932882   0.76167116  814.6157681    7.4912197  529.2115267   28.7377853   0.2559E+03   0.2420E+04   0.2164E+04   0.2500E-01   0.5579E+03   0.8221E+03
   0.89599998   0.13006714   0.76593284  824.6737622    7.5491428  534.3413018   28.7884791   0.2564E+03   0.2431E+04   0.2175E+04   0.2500E-01   0.5631E+03   0.8322E+03
   0.90099998   0.13080525   0.77019473  834.7864260    7.6071661  539.4766637   28.8389120   0.2568E+03   0.2442E+04   0.2185E+04   0.2500E-01   0.5683E+03   0.8424E+03
   0.90599998   0.13154314   0.77445684  844.9537326    7.6652892  544.6175085   28.8890883   0.2572E+03   0.2454E+04   0.2196E+04   0.2500E-01   0.5735E+03   0.8526E+03
   0.91099998   0.13228081   0.77871917  855.1756561    7.7235123  549.7637348   28.9390121   0.2577E+03   0.2465E+04   0.2207E+04   0.2500E-01   0.5787E+03   0.8629E+03
   0.91599998   0.13301828   0.78298170  865.4521708    7.7818352  554.9152432   28.9886876   0.2581E+03   0.2476E+04   0.2218E+04   0.2500E-01   0.5839E+03   0.8732E+03
   0.92099998   0.13375555   0.78724443  875.7832519    7.8402577  560.0719365   29.0381187   0.2586E+03   0.2488E+04   0.2229E+04   0.2500E-01   0.5891E+03   0.8836E+03
   0.92599998   0.13449262   0.79150736  886.1688749    7.8987797  565.2337197   29.0873093   0.2590E+03   0.2499E+04   0.2240E+04   0.2500E-01   0.5943E+03   0.8941E+03
   0.93099998   0.13522950   0.79577048  896.6090159    7.9574012  570.4004996   29.1362631   0.2594E+03   0.2510E+04   0.2251E+04   0.2500E-01   0.5995E+03   0.9046E+03
   0.93599998   0.13596619   0.80003378  907.1036514    8.0161220  575.5721853   29.1849839   0.2599E+03   0.2521E+04   0.2262E+04   0.2500E-01   0.6048E+03   0.9151E+03
   0.94099998   0.13670271   0.80429727  917.6527584    8.0749419  580.7486876   29.2334752   0.2603E+03   0.2533E+04   0.2272E+04   0.2500E-01   0.6100E+03   0.9257E+03
   0.94599998   0.13743904   0.80856093  928.2563146    8.1338609  585.9299193   29.2817405   0.2607E+03   0.2544E+04   0.2283E+04   0.2500E-01   0.6152E+03   0.9364E+03
   0.95099998   0.13817521   0.81282477  938.9142978    8.1928788  591.1157949   29.3297832   0.2612E+03   0.2555E+04   0.2294E+04   0.2500E-01   0.6204E+03   0.9471E+03
   0.95599998   0.13891120   0.81708877  949.6266865    8.2519955  596.3062309   29.3776066   0.2616E+03   0.2567E+04   0.2305E+04   0.2500E-01   0.6257E+03   0.9579E+03
   0.96099998   0.13964704   0.82135294  960.3934596    8.3112107  601.5011455   29.4252140   0.2620E+03   0.2578E+04   0.2316E+04   0.2500E-01   0.6309E+03   0.9687E+03
   0.96599998   0.14038271   0.82561727  971.2145963    8.3705245  606.7004584   29.4726084   0.2624E+03   0.2589E+04   0.2327E+04   0.2500E-01   0.6362E+03   0.9796E+03
   0.97099998   0.14111823   0.82988175  982.0900763    8.4299366  611.9040912   29.5197929   0.2629E+03   0.2601E+04   0.2338E+04   0.2500E-01   0.6414E+03   0.9905E+03
   0.97599998   0.14185359   0.83414639  993.0198796    8.4894469  617.1119671   29.5667707   0.2633E+03   0.2612E+04   0.2349E+04   0.2500E-01   0.6467E+03   0.1002E+04
   0.98099998   0.14258881   0.83841117  ***********    8.5490552  622.3240108   29.6135445   0.2637E+03   0.2623E+04   0.2359E+04   0.2500E-01   0.6519E+03   0.1013E+04
   0.98599998   0.14332388   0.84267610  ***********    8.6087615  627.5401485   29.6601173   0.2641E+03   0.2634E+04   0.2370E+04   0.2500E-01   0.6572E+03   0.1024E+04
   0.99099998   0.14405881   0.84694117  ***********    8.6685654  632.7603080   29.7064918   0.2645E+03   0.2646E+04   0.2381E+04   0.2500E-01   0.6625E+03   0.1035E+04
   0.99599998   0.14479361   0.85120637  ***********    8.7284670  637.9844186   29.7526707   0.2649E+03   0.2657E+04   0.2392E+04   0.2500E-01   0.6677E+03   0.1046E+04
   1.00099998   0.14552827   0.85547171  ***********    8.7884660  643.2124109   29.7986568   0.2654E+03   0.2668E+04   0.2403E+04   0.2500E-01   0.6730E+03   0.1057E+04
   1.00599998   0.14626280   0.85973718  ***********    8.8485622  648.4442170   29.8444526   0.2658E+03   0.2680E+04   0.2414E+04   0.2500E-01   0.6783E+03   0.1069E+04
   1.01099998   0.14699720   0.86400278  ***********    8.9087556  653.6797705   29.8900606   0.2662E+03   0.2691E+04   0.2425E+04   0.2500E-01   0.6836E+03   0.1080E+04
   1.01599998   0.14773148   0.86826850  ***********    8.9690458  658.9190059   29.9354834   0.2666E+03   0.2702E+04   0.2435E+04   0.2500E-01   0.6889E+03   0.1091E+04
   1.02099998   0.14846563   0.87253434  ***********    9.0294329  664.1618596   29.9807234   0.2670E+03   0.2713E+04   0.2446E+04   0.2500E-01   0.6941E+03   0.1103E+04
   1.02599998   0.14919967   0.87680031  ***********    9.0899166  669.4082687   30.0257829   0.2674E+03   0.2725E+04   0.2457E+04   0.2500E-01   0.6994E+03   0.1114E+04
   1.03099998   0.14993359   0.88106638  ***********    9.1504967  674.6581719   30.0706642   0.2678E+03   0.2736E+04   0.2468E+04   0.2500E-01   0.7047E+03   0.1126E+04
   1.03599998   0.15066741   0.88533257  ***********    9.2111732  679.9115091   30.1153696   0.2682E+03   0.2747E+04   0.2479E+04   0.2500E-01   0.7100E+03   0.1138E+04
   1.04099998   0.15140111   0.88959887  ***********    9.2719457  685.1682211   30.1599014   0.2686E+03   0.2758E+04   0.2490E+04   0.2500E-01   0.7153E+03   0.1149E+04
   1.04599998   0.15213470   0.89386528  ***********    9.3328142  690.4282502   30.2042617   0.2690E+03   0.2770E+04   0.2501E+04   0.2500E-01   0.7206E+03   0.1161E+04
   1.05099998   0.15286819   0.89813179  ***********    9.3937784  695.6915396   30.2484526   0.2694E+03   0.2781E+04   0.2511E+04   0.2500E-01   0.7259E+03   0.1173E+04
   1.05599998   0.15360157   0.90239840  ***********    9.4548382  700.9580337   30.2924762   0.2698E+03   0.2792E+04   0.2522E+04   0.2500E-01   0.7313E+03   0.1185E+04
   1.06099998   0.15433486   0.90666511  ***********    9.5159935  706.2276780   30.3363346   0.2702E+03   0.2803E+04   0.2533E+04   0.2500E-01   0.7366E+03   0.1197E+04
   1.06599998   0.15506805   0.91093192  ***********    9.5772440  711.5004190   30.3800296   0.2706E+03   0.2815E+04   0.2544E+04   0.2500E-01   0.7419E+03   0.1209E+04
   1.07099998   0.15580115   0.91519883  ***********    9.6385896  716.7762042   30.4235634   0.2710E+03   0.2826E+04   0.2555E+04   0.2500E-01   0.7472E+03   0.1221E+04
   1.07599998   0.15653415   0.91946583  ***********    9.7000301  722.0549822   30.4669377   0.2714E+03   0.2837E+04   0.2566E+04   0.2500E-01   0.7525E+03   0.1233E+04
   1.08099998   0.15726706   0.92373291  ***********    9.7615654  727.3367025   30.5101544   0.2718E+03   0.2848E+04   0.2577E+04   0.2500E-01   0.7578E+03   0.1245E+04
   1.08599998   0.15799989   0.92800009  ***********    9.8231951  732.6213156   30.5532154   0.2722E+03   0.2860E+04   0.2587E+04   0.2500E-01   0.7632E+03   0.1257E+04
   1.09099998   0.15873263   0.93226735  ***********    9.8849193  737.9087729   30.5961225   0.2726E+03   0.2871E+04   0.2598E+04   0.2500E-01   0.7685E+03   0.1269E+04
   1.09599998   0.15946528   0.93653470  ***********    9.9467376  743.1990268   30.6388774   0.2730E+03   0.2882E+04   0.2609E+04   0.2500E-01   0.7738E+03   0.1282E+04
   1.10099998   0.16019785   0.94080212  ***********   10.0086500  748.4920305   30.6814818   0.2733E+03   0.2893E+04   0.2620E+04   0.2500E-01   0.7792E+03   0.1294E+04
   1.10599998   0.16093035   0.94506963  ***********   10.0706562  753.7877381   30.7239374   0.2737E+03   0.2905E+04   0.2631E+04   0.2500E-01   0.7845E+03   0.1306E+04
   1.11099998   0.16166276   0.94933721  ***********   10.1327560  759.0861047   30.7662460   0.2741E+03   0.2916E+04   0.2642E+04   0.2500E-01   0.7899E+03   0.1319E+04
   1.11599998   0.16239510   0.95360487  ***********   10.1949494  764.3870860   30.8084090   0.2745E+03   0.2927E+04   0.2653E+04   0.2500E-01   0.7952E+03   0.1331E+04
   1.12099997   0.16312737   0.95787261  ***********   10.2572360  769.6906387   30.8504281   0.2749E+03   0.2938E+04   0.2663E+04   0.2500E-01   0.8005E+03   0.1344E+04
   1.12599997   0.16385956   0.96214042  ***********   10.3196158  774.9967202   30.8923048   0.2753E+03   0.2950E+04   0.2674E+04   0.2500E-01   0.8059E+03   0.1356E+04
   1.13099997   0.16459168   0.96640829  ***********   10.3820885  780.3052887   30.9340407   0.2756E+03   0.2961E+04   0.2685E+04   0.2500E-01   0.8112E+03   0.1369E+04
   1.13599997   0.16532373   0.97067624  ***********   10.4446539  785.6163033   30.9756373   0.2760E+03   0.2972E+04   0.2696E+04   0.2500E-01   0.8166E+03   0.1382E+04
   1.14099997   0.16605572   0.97494426  ***********   10.5073120  790.9297237   31.0170960   0.2764E+03   0.2983E+04   0.2707E+04   0.2500E-01   0.8219E+03   0.1395E+04
   1.14599997   0.16678764   0.97921234  ***********   10.5700624  796.2455103   31.0584183   0.2768E+03   0.2994E+04   0.2718E+04   0.2500E-01   0.8273E+03   0.1407E+04
   1.15099997   0.16751949   0.98348048  ***********   10.6329051  801.5636244   31.0996055   0.2772E+03   0.3006E+04   0.2728E+04   0.2500E-01   0.8327E+03   0.1420E+04
   1.15599997   0.16825129   0.98774869  ***********   10.6958397  806.8840279   31.1406592   0.2775E+03   0.3017E+04   0.2739E+04   0.2500E-01   0.8380E+03   0.1433E+04
   1.16099997   0.16898302   0.99201695  ***********   10.7588663  812.2066833   31.1815806   0.2779E+03   0.3028E+04   0.2750E+04   0.2500E-01   0.8434E+03   0.1446E+04
   1.16599997   0.16971469   0.99628528  ***********   10.8219845  817.5315539   31.2223711   0.2783E+03   0.3039E+04   0.2761E+04   0.2500E-01   0.8488E+03   0.1459E+04
   1.17099997   0.17044631   1.00055367  ***********   10.8851942  822.8586037   31.2630320   0.2786E+03   0.3050E+04   0.2772E+04   0.2500E-01   0.8541E+03   0.1472E+04
   1.17599997   0.17117787   1.00482211  ***********   10.9484952  828.1877971   31.3035646   0.2790E+03   0.3062E+04   0.2783E+04   0.2500E-01   0.8595E+03   0.1486E+04
   1.18099997   0.17190937   1.00909060  ***********   11.0118874  833.5190995   31.3439701   0.2794E+03   0.3073E+04   0.2794E+04   0.2500E-01   0.8649E+03   0.1499E+04
   1.18599997   0.17264082   1.01335916  ***********   11.0753705  838.8524766   31.3842499   0.2798E+03   0.3084E+04   0.2804E+04   0.2500E-01   0.8702E+03   0.1512E+04
   1.19099997   0.17337221   1.01762776  ***********   11.1389444  844.1878949   31.4244051   0.2801E+03   0.3095E+04   0.2815E+04   0.2500E-01   0.8756E+03   0.1525E+04
   1.19599997   0.17410356   1.02189641  ***********   11.2026088  849.5253213   31.4644369   0.2805E+03   0.3107E+04   0.2826E+04   0.2500E-01   0.8810E+03   0.1539E+04
   1.20099997   0.17483485   1.02616512  ***********   11.2663637  854.8647235   31.5043465   0.2809E+03   0.3118E+04   0.2837E+04   0.2500E-01   0.8864E+03   0.1552E+04
   1.20599997   0.17556610   1.03043387  ***********   11.3302088  860.2060697   31.5441351   0.2812E+03   0.3129E+04   0.2848E+04   0.2500E-01   0.8918E+03   0.1566E+04
   1.21099997   0.17629730   1.03470267  ***********   11.3941440  865.5493285   31.5838038   0.2816E+03   0.3140E+04   0.2859E+04   0.2500E-01   0.8971E+03   0.1579E+04
   1.21599997   0.17702845   1.03897152  ***********   11.4581690  870.8944693   31.6233538   0.2819E+03   0.3151E+04   0.2869E+04   0.2500E-01   0.9025E+03   0.1593E+04
   1.22099997   0.17775956   1.04324041  ***********   11.5222837  876.2414618   31.6627861   0.2823E+03   0.3162E+04   0.2880E+04   0.2500E-01   0.9079E+03   0.1606E+04
   1.22599997   0.17849062   1.04750935  ***********   11.5864879  881.5902763   31.7021018   0.2827E+03   0.3174E+04   0.2891E+04   0.2500E-01   0.9133E+03   0.1620E+04
   1.23099997   0.17922164   1.05177833  ***********   11.6507814  886.9408838   31.7413020   0.2830E+03   0.3185E+04   0.2902E+04   0.2500E-01   0.9187E+03   0.1634E+04
   1.23599997   0.17995262   1.05604735  ***********   11.7151641  892.2932555   31.7803877   0.2834E+03   0.3196E+04   0.2913E+04   0.2500E-01   0.9241E+03   0.1648E+04
   1.24099997   0.18068355   1.06031642  ***********   11.7796358  897.6473633   31.8193600   0.2837E+03   0.3207E+04   0.2923E+04   0.2500E-01   0.9295E+03   0.1661E+04
   1.24599997   0.18141445   1.06458552  ***********   11.8441962  903.0031795   31.8582199   0.2841E+03   0.3218E+04   0.2934E+04   0.2500E-01   0.9349E+03   0.1675E+04
   1.25099997   0.18214531   1.06885466  ***********   11.9088453  908.3606768   31.8969684   0.2845E+03   0.3230E+04   0.2945E+04   0.2500E-01   0.9403E+03   0.1689E+04
   1.25599997   0.18287613   1.07312384  ***********   11.9735827  913.7198287   31.9356064   0.2848E+03   0.3241E+04   0.2956E+04   0.2500E-01   0.9457E+03   0.1703E+04
   1.26099997   0.18360691   1.07739306  ***********   12.0384085  919.0806086   31.9741350   0.2852E+03   0.3252E+04   0.2967E+04   0.2500E-01   0.9511E+03   0.1717E+04
   1.26599997   0.18433766   1.08166231  ***********   12.1033223  924.4429909   32.0125550   0.2855E+03   0.3263E+04   0.2978E+04   0.2500E-01   0.9565E+03   0.1731E+04
   1.27099997   0.18506837   1.08593160  ***********   12.1683241  929.8069500   32.0508675   0.2859E+03   0.3274E+04   0.2988E+04   0.2500E-01   0.9619E+03   0.1746E+04
   1.27599997   0.18579905   1.09020093  ***********   12.2334135  935.1724610   32.0890733   0.2862E+03   0.3285E+04   0.2999E+04   0.2500E-01   0.9673E+03   0.1760E+04
   1.28099997   0.18652969   1.09447028  ***********   12.2985905  940.5394994   32.1271733   0.2866E+03   0.3297E+04   0.3010E+04   0.2500E-01   0.9727E+03   0.1774E+04
   1.28599997   0.18726030   1.09873967  ***********   12.3638549  945.9080409   32.1651684   0.2869E+03   0.3308E+04   0.3021E+04   0.2500E-01   0.9781E+03   0.1788E+04
   1.29099997   0.18799088   1.10300909  ***********   12.4292065  951.2780619   32.2030596   0.2873E+03   0.3319E+04   0.3032E+04   0.2500E-01   0.9835E+03   0.1803E+04
   1.29599997   0.18872143   1.10727854  ***********   12.4946451  956.6495389   32.2408477   0.2876E+03   0.3330E+04   0.3043E+04   0.2500E-01   0.9889E+03   0.1817E+04
   1.30099997   0.18945195   1.11154802  ***********   12.5601705  962.0224490   32.2785335   0.2880E+03   0.3341E+04   0.3053E+04   0.2500E-01   0.9943E+03   0.1832E+04
   1.30599997   0.19018244   1.11581753  ***********   12.6257826  967.3967695   32.3161178   0.2883E+03   0.3352E+04   0.3064E+04   0.2500E-01   0.9997E+03   0.1846E+04
   1.31099997   0.19091290   1.12008707  ***********   12.6914813  972.7724784   32.3536016   0.2887E+03   0.3364E+04   0.3075E+04   0.2500E-01   0.1005E+04   0.1861E+04
   1.31599997   0.19164333   1.12435664  ***********   12.7572662  978.1495537   32.3909855   0.2890E+03   0.3375E+04   0.3086E+04   0.2500E-01   0.1011E+04   0.1876E+04
   1.32099997   0.19237374   1.12862623  ***********   12.8231373  983.5279738   32.4282705   0.2893E+03   0.3386E+04   0.3097E+04   0.2500E-01   0.1016E+04   0.1890E+04
   1.32599997   0.19310412   1.13289585  ***********   12.8890944  988.9077178   32.4654573   0.2897E+03   0.3397E+04   0.3107E+04   0.2500E-01   0.1021E+04   0.1905E+04
   1.33099997   0.19383447   1.13716550  ***********   12.9551373  994.2887647   32.5025467   0.2900E+03   0.3408E+04   0.3118E+04   0.2500E-01   0.1027E+04   0.1920E+04
   1.33599997   0.19456480   1.14143517  ***********   13.0212658  999.6710941   32.5395394   0.2904E+03   0.3419E+04   0.3129E+04   0.2500E-01   0.1032E+04   0.1935E+04
   1.34099997   0.19529510   1.14570487  ***********   13.0874798  ***********   32.5764362   0.2907E+03   0.3431E+04   0.3140E+04   0.2500E-01   0.1038E+04   0.1950E+04
   1.34599997   0.19602539   1.14997458  ***********   13.1537791  ***********   32.6132379   0.2910E+03   0.3442E+04   0.3151E+04   0.2500E-01   0.1043E+04   0.1965E+04
   1.35099997   0.19675564   1.15424433  ***********   13.2201635  ***********   32.6499452   0.2914E+03   0.3453E+04   0.3161E+04   0.2500E-01   0.1048E+04   0.1980E+04
   1.35599997   0.19748588   1.15851409  ***********   13.2866329  ***********   32.6865588   0.2917E+03   0.3464E+04   0.3172E+04   0.2500E-01   0.1054E+04   0.1995E+04
   1.36099997   0.19821609   1.16278388  ***********   13.3531871  ***********   32.7230795   0.2921E+03   0.3475E+04   0.3183E+04   0.2500E-01   0.1059E+04   0.2010E+04
   1.36599997   0.19894629   1.16705368  ***********   13.4198258  ***********   32.7595078   0.2924E+03   0.3486E+04   0.3194E+04   0.2500E-01   0.1065E+04   0.2025E+04
   1.37099997   0.19967646   1.17132351  ***********   13.4865490  ***********   32.7958447   0.2927E+03   0.3497E+04   0.3205E+04   0.2500E-01   0.1070E+04   0.2040E+04
   1.37599997   0.20040661   1.17559336  ***********   13.5533565  ***********   32.8320906   0.2931E+03   0.3509E+04   0.3216E+04   0.2500E-01   0.1076E+04   0.2056E+04
   1.38099997   0.20113675   1.17986322  ***********   13.6202482  ***********   32.8682463   0.2934E+03   0.3520E+04   0.3226E+04   0.2500E-01   0.1081E+04   0.2071E+04
   1.38599997   0.20186686   1.18413311  ***********   13.6872237  ***********   32.9043125   0.2937E+03   0.3531E+04   0.3237E+04   0.2500E-01   0.1086E+04   0.2086E+04
   1.39099997   0.20259696   1.18840301  ***********   13.7542831  ***********   32.9402898   0.2941E+03   0.3542E+04   0.3248E+04   0.2500E-01   0.1092E+04   0.2102E+04
   1.39599997   0.20332704   1.19267293  ***********   13.8214260  ***********   32.9761789   0.2944E+03   0.3553E+04   0.3259E+04   0.2500E-01   0.1097E+04   0.2117E+04
   1.40099997   0.20405710   1.19694287  ***********   13.8886524  ***********   33.0119804   0.2947E+03   0.3564E+04   0.3270E+04   0.2500E-01   0.1103E+04   0.2133E+04
   1.40599997   0.20478714   1.20121283  ***********   13.9559621  ***********   33.0476949   0.2950E+03   0.3575E+04   0.3280E+04   0.2500E-01   0.1108E+04   0.2149E+04
   1.41099997   0.20551717   1.20548280  ***********   14.0233549  ***********   33.0833231   0.2954E+03   0.3587E+04   0.3291E+04   0.2500E-01   0.1114E+04   0.2164E+04
   1.41599997   0.20624718   1.20975278  ***********   14.0908307  ***********   33.1188656   0.2957E+03   0.3598E+04   0.3302E+04   0.2500E-01   0.1119E+04   0.2180E+04
   1.42099997   0.20697718   1.21402279  ***********   14.1583893  ***********   33.1543229   0.2960E+03   0.3609E+04   0.3313E+04   0.2500E-01   0.1125E+04   0.2196E+04
   1.42599997   0.20770717   1.21829280  ***********   14.2260305  ***********   33.1896958   0.2964E+03   0.3620E+04   0.3324E+04   0.2500E-01   0.1130E+04   0.2212E+04
   1.43099997   0.20843713   1.22256283  ***********   14.2937541  ***********   33.2249847   0.2967E+03   0.3631E+04   0.3334E+04   0.2500E-01   0.1135E+04   0.2228E+04
   1.43599997   0.20916709   1.22683288  ***********   14.3615601  ***********   33.2601903   0.2970E+03   0.3642E+04   0.3345E+04   0.2500E-01   0.1141E+04   0.2243E+04
   1.44099997   0.20989703   1.23110294  ***********   14.4294482  ***********   33.2953132   0.2973E+03   0.3653E+04   0.3356E+04   0.2500E-01   0.1146E+04   0.2259E+04
   1.44599997   0.21062696   1.23537301  ***********   14.4974183  ***********   33.3303538   0.2976E+03   0.3664E+04   0.3367E+04   0.2500E-01   0.1152E+04   0.2276E+04
   1.45099997   0.21135688   1.23964309  ***********   14.5654702  ***********   33.3653129   0.2980E+03   0.3675E+04   0.3378E+04   0.2500E-01   0.1157E+04   0.2292E+04
   1.45599997   0.21208678   1.24391319  ***********   14.6336038  ***********   33.4001908   0.2983E+03   0.3687E+04   0.3388E+04   0.2500E-01   0.1163E+04   0.2308E+04
   1.46099997   0.21281667   1.24818329  ***********   14.7018189  ***********   33.4349883   0.2986E+03   0.3698E+04   0.3399E+04   0.2500E-01   0.1168E+04   0.2324E+04
   1.46599997   0.21354655   1.25245341  ***********   14.7701154  ***********   33.4697057   0.2989E+03   0.3709E+04   0.3410E+04   0.2500E-01   0.1173E+04   0.2340E+04
   1.47099997   0.21427642   1.25672354  ***********   14.8384930  ***********   33.5043437   0.2993E+03   0.3720E+04   0.3421E+04   0.2500E-01   0.1179E+04   0.2357E+04
   1.47599997   0.21500628   1.26099368  ***********   14.9069517  ***********   33.5389029   0.2996E+03   0.3731E+04   0.3431E+04   0.2500E-01   0.1184E+04   0.2373E+04
   1.48099997   0.21573613   1.26526383  ***********   14.9754912  ***********   33.5733836   0.2999E+03   0.3742E+04   0.3442E+04   0.2500E-01   0.1190E+04   0.2389E+04
   1.48599997   0.21646597   1.26953399  ***********   15.0441115  ***********   33.6077864   0.3002E+03   0.3753E+04   0.3453E+04   0.2500E-01   0.1195E+04   0.2406E+04
   1.49099997   0.21719580   1.27380416  ***********   15.1128123  ***********   33.6421119   0.3005E+03   0.3764E+04   0.3464E+04   0.2500E-01   0.1201E+04   0.2422E+04
   1.49599997   0.21792563   1.27807434  ***********   15.1815936  ***********   33.6763605   0.3008E+03   0.3775E+04   0.3475E+04   0.2500E-01   0.1206E+04   0.2439E+04
