   1.0000084969510191E-003   9.9991352876483493E-004   9.4968186184282229E-008   9.4967379251112313E-005   4.8078990537985889E-004
   5.9999999531280138E-003   5.9939282333691364E-003   6.0717197588772539E-006   1.0119533010515859E-003   5.7426908991876817E-003
   1.1000000947596959E-002   1.0973410665716728E-002   2.6590281880230147E-005   2.4172981445096161E-003   1.3044915792258272E-002
   1.6000001080257287E-002   1.5933230353259976E-002   6.6770726997309764E-005   4.1731701555757688E-003   2.2908772075573593E-002
   2.0999999553316710E-002   2.0869806074035855E-002   1.3019347928085480E-004   6.1996896214358355E-003   3.6223163576904145E-002
   2.5999999469570531E-002   2.5780797330724314E-002   2.1920213884621837E-004   8.4308516660842516E-003   5.3617747717331958E-002
   3.1000006124788176E-002   3.0664939735784474E-002   3.3506638900370123E-004   1.0808591058173243E-002   7.5436113113281716E-002
   3.5999999238800734E-002   3.5521882653085576E-002   4.7811658571515780E-004   1.3281016550684940E-002  0.10180739480772082     
   4.1000016287972646E-002   4.0352026164356382E-002   6.4799012361626662E-004   1.5804630882704174E-002  0.13273176555573432     
   4.5999998994547674E-002   4.5156324492484252E-002   8.4367450206342077E-004   1.8340750445742848E-002  0.16816084650064109     
   5.0999998882556123E-002   4.9936166910825114E-002   1.0638319717310120E-003   2.0859450883142699E-002  0.20806133870954444     
   5.6000018856539359E-002   5.4693192338826517E-002   1.3068265177128419E-003   2.3336179958450821E-002  0.25246523188016473     
   6.1000010501830897E-002   5.9429177768219744E-002   1.5708327336111522E-003   2.5751351855324747E-002  0.30150453254647097     
   6.6000005646346005E-002   6.4145949792208015E-002   1.8540558541379965E-003   2.8091752962458173E-002  0.35543315536659204     
   7.1000002721861646E-002   6.8845295234469042E-002   2.1547074873926055E-003   3.0347991616754524E-002  0.41464146762213466     
   7.6000023208428760E-002   7.3528908931098133E-002   2.4711142773306224E-003   3.2514651614692719E-002  0.47966210790810682     
   8.0999998332376491E-002   7.8198341413384401E-002   2.8016569189920930E-003   3.4588357736696933E-002  0.55117357825063940     
   8.5999998101849925E-002   8.2854994756779904E-002   3.1450033450700263E-003   3.6569807145174514E-002  0.62999465711825009     
   9.1000026271444115E-002   8.7500086109143768E-002   3.4999401623003476E-003   3.8460869800854461E-002  0.71708425940796272     
   9.6000000848112541E-002   9.2134634848268726E-002   3.8653659998438171E-003   4.0264228809325203E-002  0.81353730481097619     
  0.10099999794182439        9.6759492085346982E-002   4.2405058564774136E-003   4.1985207355349934E-002  0.92057509102423696     
  0.10599999782912949       0.10137531305010694        4.6246847790225431E-003   4.3629102582412031E-002   1.0395451298246232     
  0.11099999776715319       0.10598257805072658        5.0174197164266077E-003   4.5201980336537884E-002   1.1719146179535307     
  0.11599999814132239       0.11056308974750598        5.4369083938164212E-003   4.6869900697693589E-002   1.3177026790011781     
  0.12099999711598854       0.11509256230707321        5.9074348089153310E-003   4.8821776443949534E-002   1.4765011736453453     
  0.12599999680632251       0.11959350463827111        6.4064921680513963E-003   5.0845177225670592E-002   1.6519643203570982     
  0.13099999648170160       0.12407213006599194        6.9278664157096746E-003   5.2884477876130140E-002   1.8464959072229321     
  0.13599999605245014       0.12853134382386172        7.4686522285884287E-003   5.4916562098340407E-002   2.0623337813976170     
  0.14099999583749959       0.13297270846471448        8.0272873727850989E-003   5.6931117799722694E-002   2.3017132566232710     
  0.14599999637107716       0.13739705631959845        8.6029400514787118E-003   5.8924248392536044E-002   2.5669183367512320     
  0.15099999640158762       0.14180476737711734        9.1952290244702861E-003   6.0895557904619972E-002   2.8603058086706925     
  0.15599999636634088       0.14619592283604127        9.8040735302996028E-003   6.2846626658095012E-002   3.1843186932257774     
  0.16099999630069334       0.15057040416637713        1.0429592134316200E-002   6.4780076856879323E-002   3.5414955625977207     
  0.16599999622255471       0.15492796311448556        1.1072033108069148E-002   6.6698996144704564E-002   3.9344767044443785     
  0.17099999613400396       0.15926827533613305        1.1731720797870920E-002   6.8606555924582410E-002   4.3660079991770457     
  0.17599999604223912       0.16359098385440665        1.2409012187832471E-002   7.0505752652712389E-002   4.8389425259526035     
  0.18099999594433641       0.16789573558006521        1.3104260364271193E-002   7.2399230154133229E-002   5.3562396775874728     
  0.18599999584308327       0.17218221273983905        1.3817783103244217E-002   7.4289158129344418E-002   5.9209614513809559     
  0.19099999574089596       0.17645016014221346        1.4549835598682510E-002   7.6177151429994358E-002   6.5362655312313924     
  0.19599999563565060       0.18069940871766355        1.5300586917987054E-002   7.8064220707584633E-002   7.2053948008149593     
  0.20099999553091566       0.18492989549956021        1.6070100031355443E-002   7.9950748202298902E-002   7.9316629967809966     
  0.20599999541980166       0.18914167974914586        1.6858315670655787E-002   8.1836485657685060E-002   8.7184362911006481     
  0.21100000554907924       0.19333495897450650        1.7665046574572737E-002   8.3720597677727521E-002   9.5691107171460672     
  0.21599999622466187       0.19751006275613778        1.8489933468524108E-002   8.5601545331939283E-002   10.487087059056840     
  0.22099999523995953       0.20166748386334643        1.9332511376613109E-002   8.7477428927643486E-002   11.475738563978837     
  0.22599999500023807       0.20580785292650597        2.0192142073732107E-002   8.9345763364777231E-002   12.538380948060681     
  0.23099999486515582       0.20993194520325908        2.1068049661896730E-002   9.1203680217374100E-002   13.678236811173509     
  0.23599999474863284       0.21404066997121485        2.1959324777418004E-002   9.3047988415454044E-002   14.898400569137360     
  0.24099999463581626       0.21813505754187967        2.2864937093936586E-002   9.4875259762924949E-002   16.201803641864217     
  0.24599999452384255       0.22221624290815908        2.3783751615683472E-002   9.6681919289141799E-002   17.591181349821650     
  0.25099999441205489       0.22628544657848598        2.4714547833568908E-002   9.8464336190367388E-002   19.069028527864990     
  0.25599999455422556       0.23034392698621853        2.5656067568007025E-002  0.10021901606944211        20.637633298456038     
  0.26099997779273243       0.23439306422544209        2.6606913567290336E-002  0.10194220624960991        22.298963848886377     
  0.26599997066606501       0.23843417880260578        2.7565791863459206E-002  0.10363080790736311        24.054714999637813     
  0.27099996844653235       0.24246861329820146        2.8531355148330894E-002  0.10528176557319438        25.906287586817136     
  0.27599996864489790       0.24649768750255771        2.9502281142340193E-002  0.10689233512304448        27.854784114472292     
  0.28099996992719556       0.25052267968024933        3.0477290246946242E-002  0.10846011924785123        29.901012894571053     
  0.28599997163660867       0.25454481054074451        3.1455161095864159E-002  0.10998309166208961        32.045497781918328     
  0.29099997340934725       0.25856523004035181        3.2434743368995413E-002  0.11145960939099375        34.288492803825328     
  0.29599997508707421       0.26258500733230594        3.3414967754768252E-002  0.11288841407820586        36.630000784318334     
  0.30099997660792532       0.26660512364864813        3.4394852959277210E-002  0.11426862336298133        39.069794971164093     
  0.30599997795823963       0.27062646803722062        3.5373509921019036E-002  0.11559971395111186        41.607442706473087     
  0.31099997914222344       0.27464983565682816        3.6350143485395260E-002  0.11688149814560589        44.242330192116576     
  0.31599998017926190       0.27867592831376159        3.7324051865500321E-002  0.11811409559053442        46.973687506772151     
  0.32099998109632127       0.28270535685100756        3.8294624245313713E-002  0.11929790187066332        49.800613170181030     
  0.32599998190772150       0.28673864500145158        3.9261336906269928E-002  0.12043355547603483        52.722097656587273     
  0.33099998262812741       0.29077623437400496        4.0223748254122470E-002  0.12152190442654233        55.737045432462182     
  0.33599998327808750       0.29481849020857659        4.1181493069510890E-002  0.12256397356849683        58.844295216619457     
  0.34099998386731550       0.29886570759015280        4.2134276277162687E-002  0.12356093334466933        62.042638267715546     
  0.34599998440432034       0.30291811790559997        4.3081866498720388E-002  0.12451407063757788        65.330834629705606     
  0.35099998489605655       0.30697589530904923        4.4024089587007313E-002  0.12542476205531575        68.707627326572123     
  0.35599998534435956       0.31103916304394919        4.4960822300410395E-002  0.12629444986330463        72.171754581265020     
  0.36099998575838610       0.31510799951123303        4.5891986247153099E-002  0.12712462065820737        75.721960165177194     
  0.36599998613115448       0.31918244395939466        4.6817542171759811E-002  0.12791678673720755        79.357002011553035     
  0.37099998647535898       0.32326250181327421        4.7737484662084780E-002  0.12867247008715296        83.075659271522468     
  0.37599998678527530       0.32734814951563102        4.8651837269644262E-002  0.12939318877537134        86.876737960951743     
  0.38099998706631638       0.33143933896422512        4.9560648102091265E-002  0.13008044562863672        90.759075371998151     
  0.38599998731867990       0.33553600148073004        5.0463985837949851E-002  0.13073571890116931        94.721543419247752     
  0.39099998754519116       0.33963805136005776        5.1361936185133412E-002  0.13136045478568481        98.763051049836221     
  0.39599998774523454       0.34374538900704532        5.2254598738189204E-002  0.13195606150323180        102.88254587995587     
  0.40099998792125946       0.34785790370222780        5.3142084219031660E-002  0.13252390478741527        107.07901517093744     
  0.40599998807785581       0.35197547601123247        5.4024512066623342E-002  0.13306530456415538        111.35148625591002     
  0.41099998821040112       0.35609797986720587        5.4902008343195273E-002  0.13358153264736730        115.69902652433909     
  0.41599998832224144       0.36022528438767143        5.5774703934570007E-002  0.13407381129868173        120.12074304216617     
  0.42099998841761205       0.36435725541393948        5.6642733003672577E-002  0.13454331249882523        124.61578188543787     
  0.42599998849534670       0.36849375682173474        5.7506231673611970E-002  0.13499115780901041        129.18332725118270     
  0.43099998855572941       0.37263465163861514        5.8365336917114291E-002  0.13541841871665736        133.82260039624168     
  0.43599998860229872       0.37677980298011099        5.9220185622187754E-002  0.13582611736305794        138.53285845133459     
  0.44099998863419809       0.38092907481951238        6.0070913814685732E-002  0.13621522758022908        143.31339314650248     
  0.44599998865594803       0.38508233263868363        6.0917656017264378E-002  0.13658667615854425        148.16352947963495     
  0.45099998866370250       0.38923944394038434        6.1760544723318184E-002  0.13694134429207538        153.08262435225006     
  0.45599998866242997       0.39340027868400540        6.2599709978424553E-002  0.13728006915536611        158.07006519430399     
  0.46099998865150210       0.39756470960739687        6.3435279044105244E-002  0.13760364556550961        163.12526859162648     
  0.46599998863090208       0.40173261249306197        6.4267376137840143E-002  0.13791282769481672        168.24767893268540     
  0.47099998860228015       0.40590386636303205        6.5096122239248086E-002  0.13820833081636502        173.43676708148476     
  0.47599998856692877       0.41007835361994199        6.5921634946986760E-002  0.13849083304697965        178.69202908572362     
  0.48099998852462827       0.41425596014107202        6.6744028383556253E-002  0.13876097708085250        184.01298492488755     
  0.48599998847571363       0.41843657533750189        6.7563413138211750E-002  0.13901937189364363        189.39917730389928     
  0.49099998842243980       0.42262009218013430        6.8379896242305518E-002  0.13926659440870245        194.85017049304969     
  0.49599998836331671       0.42680640719402235        6.9193581169294374E-002  0.13950319111421133        200.36554921662366     
  0.50099998829936609       0.43099542043892158        7.0004567860444497E-002  0.13972967963147770        205.94491759153809     
  0.50599998823153169       0.43518703546606552        7.0812952765466147E-002  0.13994655022217922        211.58789811492377     
  0.51099998816020620       0.43938115926183874        7.1618828898367501E-002  0.14015426723633098        217.29413070143201     
  0.51599998808466485       0.44357770217929526        7.2422285905369588E-002  0.14035327049946869        223.06327176739919     
  0.52099998800618963       0.44777657786378333        7.3223410142406298E-002  0.14054397663735912        228.89499336323055     
  0.52599998792535907       0.45197770316715785        7.4022284758201204E-002  0.14072678033731281        234.78898235026580     
  0.53099998784183822       0.45618099805856088        7.4818989783277334E-002  0.14090205554875201        240.74493962162398     
  0.53599998775457758       0.46038638553150990        7.5613602223067677E-002  0.14107015662412561        246.76257936478677     
  0.54099998766598389       0.46459379151312757        7.6406196152856348E-002  0.14123141939890380        252.84162836572119     
  0.54599998757635193       0.46880314476233353        7.7196842814018438E-002  0.14138616221712519        258.98182534926161     
  0.55099998748388523       0.47301437677321301        7.7985610710672199E-002  0.14153468690042936        265.18292035712403     
  0.55599998738994549       0.47722742168295962        7.8772565706985917E-002  0.14167727966464772        271.44467416138428     
  0.56099998729435774       0.48144221617191424        7.9557771122443471E-002  0.14181421198624619        277.76685770943300     
  0.56599998719867939       0.48565869937195882        8.0341287826720564E-002  0.14194574142016522        284.14925160092611     
  0.57099998710066346       0.48987681276910311        8.1123174331560299E-002  0.14207211237162223        290.59164559343753     
  0.57599998700084398       0.49409650011816741        8.1903486882676541E-002  0.14219355682477910        297.09383813717051     
  0.58099998690120647       0.49831770735347003        8.2682279547736465E-002  0.14231029502896667        303.65563593531027     
  0.58599998679928156       0.50254038249739286        8.3459604301888729E-002  0.14242253614670397        310.27685352789882     
  0.59099998669815879       0.50676447558553728        8.4235511112621494E-002  0.14253047886385667        316.95731290180623     
  0.59599998659512154       0.51098993857627306        8.5010048018848539E-002  0.14263431196450360        323.69684311951096     
  0.60099998649170128       0.51521672528105722        8.5783261210644043E-002  0.14273421487311225        330.49527997163563     
  0.60599998638780062       0.51944479128382171        8.6555195103978910E-002  0.14283035816537001        337.35246564643438     
  0.61099998628258312       0.52367409386942287        8.7325892413160272E-002  0.14292290404859792        344.26824841909331     
  0.61599998617777751       0.52790459195593165        8.8095394221845882E-002  0.14301200681589230        351.24248235813599     
  0.62099998607153317       0.53213624602244203        8.8863740049091089E-002  0.14309781327250279        358.27502704719075     
  0.62599998596561246       0.53636901805045856        8.9630967915153958E-002  0.14318046313834515        365.36574732336868     
  0.63099998585884809       0.54060287145601038        9.0397114402837750E-002  0.14326008942741750        372.51451302859647     
  0.63599998575225725       0.54483777103457032        9.1162214717686887E-002  0.14333681880489466        379.72119877571788     
  0.64099998564467064       0.54907368290025005        9.1926302744420638E-002  0.14341077192375898        386.98568372611476     
  0.64599998553622529       0.55331057443380749        9.2689411102417768E-002  0.14348206374258515        394.30785138058161     
  0.65099998542859983       0.55754841423053769        9.3451571198062147E-002  0.14355080382457505        401.68758938051047     
  0.65599998532009918       0.56178717204578044        9.4212813274318713E-002  0.14361709661982233        409.12478931938892     
  0.66099998521160641       0.56602681875182737        9.4973166459778990E-002  0.14368104173160481        416.61934656552597     
  0.66599998510254232       0.57026732628867172        9.5732658813870636E-002  0.14374273416707498        424.17116009300071     
  0.67099998499378977       0.57450866762218422        9.6491317371605531E-002  0.14380226457456416        431.78013232210077     
  0.67599998488414759       0.57875081669920769        9.7249168184939866E-002  0.14385971946671916        439.44616896732009     
  0.68099998477521684       0.58299374841114693        9.8006236364069937E-002  0.14391518143193446        447.16917889453123     
  0.68599998466537326       0.58723743855064758        9.8762546114725680E-002  0.14396872933299185        454.94907398373977     
  0.69099998455524214       0.59148186377908907        9.9518120776153018E-002  0.14402043849567847        462.78576900042498     
  0.69599998444553690       0.59572700158963610       0.10027298285590081       0.14407038088626181        470.67918147284473     
  0.70099998433570421       0.59997283027248050       0.10102715406322374       0.14411862527923042        478.62923157469544     
  0.70599998422571575       0.60421932888394125       0.10178065534177447       0.14416523741625764        486.63584201506200     
  0.71099998411510201       0.60846647721511760       0.10253350689998447       0.14421028015576662        494.69893793281591     
  0.71599998400443443       0.61271425576337468       0.10328572824105980       0.14425381361519712        502.81844679681126     
  0.72099998389415343       0.61696264570349080       0.10403733819066259       0.14429589530467427        510.99429831057682     
  0.72599998378377117       0.62121162885987868       0.10478835492389245       0.14433658025411497        519.22642432168232     
  0.73099998367274721       0.62546118768160297       0.10553879599114427       0.14437592113325093        527.51475873558047     
  0.73599998356206842       0.62971130521908214       0.10628867834298629       0.14441396836528969        535.85923743406727     
  0.74099998345144868       0.63396196509821667       0.10703801835323205       0.14445077023439007        544.25979819650001     
  0.74599998334030326       0.63821315149863922       0.10778683184166407       0.14448637298761827        552.71638062580416     
  0.75099998322933614       0.64246484913350299       0.10853513409583314       0.14452082093148236        561.22892607752090     
  0.75599998311824945       0.64671704322693158       0.10928293989131789       0.14455415652334008        569.79737759208660     
  0.76099998300743310       0.65096971949570548       0.11003026351172758       0.14458642045811038        578.42167983054799     
  0.76599998289612570       0.65522286412878228       0.11077711876734338       0.14461765175047717        587.10177901265104     
  0.77099998278505966       0.65947646377158542       0.11152351901347420       0.14464788781268348        595.83762285883961     
  0.77599998267369696       0.66373050550613033       0.11226947716756659       0.14467716452872034        604.62916053347772     
  0.78099998256262704       0.66798497683672575       0.11301500572590131       0.14470551632418102        613.47634259200390     
  0.78599998245116698       0.67223986567197924       0.11376011677918778       0.14473297623292952        622.37912092923978     
  0.79099998234000679       0.67649516031176360       0.11450482202824321       0.14475957596042521        631.33744873107491     
  0.79599998222849289       0.68075084943043351       0.11524913279805940       0.14478534594360956        640.35128042726933     
  0.80099998211711276       0.68500692206508496       0.11599306005202775       0.14481031540780812        649.42057164742721     
  0.80599998200586764       0.68926336760055817       0.11673661440530948       0.14483451242119214        658.54527917768144     
  0.81099998189437206       0.69352017575703095       0.11747980613734113       0.14485796394585146        667.72536092029804     
  0.81599998178298194       0.69777733657840502       0.11822264520457687       0.14488069588709696        676.96077585419596     
  0.82099998167121846       0.70203484041940034       0.11896514125181816       0.14490273313971827        686.25148399787611     
  0.82599998155971466       0.70629267793586259       0.11970730362385207       0.14492409963231698        695.59744637344340     
  0.83099998144841725       0.71055084007238833       0.12044914137602895       0.14494481836941606        704.99862497218578     
  0.83599998133672759       0.71480931805209824       0.12119066328462938       0.14496491147147011        714.45498272147620     
  0.84099998122523922       0.71906810336816629       0.12193187785707293       0.14498440021298498        723.96648345385427     
  0.84599998111390040       0.72332718777264737       0.12267279334125300       0.14500330505886508        733.53309187609671     
  0.85099998100226670       0.72758656326760651       0.12341341773466021       0.14502164569887516        743.15477354048164     
  0.85599998089047080       0.73184622209703387       0.12415375879343699       0.14503944108069208        752.83149481700650     
  0.86099998077893480       0.73610615673822255       0.12489382404071224       0.14505670944118085        762.56322286680938     
  0.86599998066724126       0.74036635989268873       0.12563362077455256       0.14507346833628512        772.34992561590059     
  0.87099998055573558       0.74462682447970963       0.12637315607602595       0.14508973466956271        782.19157173128315     
  0.87599998044416161       0.74888754362771170       0.12711243681644996       0.14510552471930382        792.08813059700879     
  0.88099998033222637       0.75314851066754152       0.12785146966468483       0.14512085416445963        802.03957229102525     
  0.88599998022050697       0.75740971912630861       0.12859026109419830       0.14513573810937880        812.04586756426431     
  0.89099998010899106       0.76167116271949364       0.12932881738949745       0.14515019110738631        822.10698781868882     
  0.89599997999721026       0.76593283534470158       0.13006714465250865       0.14516422718325689        832.22290508772596     
  0.90099997988557434       0.77019473107669700       0.13080524880887728       0.14517785985465767        842.39359201657930     
  0.90599997977385793       0.77445684416010474       0.13154313561375319       0.14519110215276937        852.61902184362157     
  0.91099997966219193       0.77871916900465077       0.13228081065754113       0.14520396664179092        862.89916838240015     
  0.91599997955045598       0.78298170017914148       0.13301827937131447       0.14521646543769101        873.23400600427431     
  0.92099997943882195       0.78724443240671815       0.13375554703210379       0.14522861022603159        883.62350962207529     
  0.92599997932698463       0.79150736055907911       0.13449261876790558       0.14524041227911755        894.06765467333889     
  0.93099997921526501       0.79577047965259240       0.13522949956267266       0.14525188247228202        904.56641710573263     
  0.93599997910371391       0.80003378484284549       0.13596619426086837       0.14526303129949383        915.11977336154268     
  0.94099997899198162       0.80429727141996799       0.13670270757201364       0.14527386888834193        925.72770036342763     
  0.94599997888011145       0.80856093480507063       0.13743904407504079       0.14528440501419793        936.39017550077074     
  0.95099997876847608       0.81282477054583835       0.13817520822263776       0.14529464911405318        947.10717661626904     
  0.95599997865657671       0.81708877431161475       0.13891120434496199       0.14530461029943492        957.87868199281752     
  0.96099997854487240       0.82135294189105701       0.13964703665381534       0.14531429736894083        968.70467034155536     
  0.96599997843315166       0.82561726918686451       0.14038270924628718       0.14532371882035380        979.58512078941192     
  0.97099997832132912       0.82988175221309191       0.14111822610823721       0.14533288286185472        990.52001286778489     
  0.97599997820970696       0.83414638709161681       0.14185359111809018       0.14534179742328948        1001.5093265013485     
  0.98099997809791228       0.83841117004811316       0.14258880804979912       0.14535047016644023        1012.5530419972480     
  0.98599997798608363       0.84267609740967153       0.14332388057641207       0.14535890849526464        1023.6511400347912     
  0.99099997787434324       0.84694116560126886       0.14405881227307443       0.14536711956550699        1034.8036016552801     
  0.99599997776256877       0.85120637114265674       0.14479360661991206       0.14537511029385650        1046.0104082520922     
   1.0009999776509020       0.85547171064569694       0.14552826700520499       0.14538288736701438        1057.2715415618895     
   1.0059999775391637       0.85973718081124262       0.14626279672792114       0.14539045725001232        1068.5869836548386     
   1.0109999774273015       0.86400277842673012       0.14699719900057132       0.14539782619445363        1079.9567169262427     
   1.0159999773155830       0.86826850036370506       0.14773147695187783       0.14540500024636366        1091.3807240880992     
   1.0209999772037821       0.87253434357469806       0.14846563362908413       0.14541198525360180        1102.8589881604883     
   1.0259999770921018       0.87680030509147011       0.14919967200063169       0.14541878687316809        1114.3914924642304     
   1.0309999769804115       0.88106638202210852       0.14993359495830286       0.14542541057801744        1125.9782206125417     
   1.0359999768684813       0.88533257154887057       0.15066740531961068       0.14543186166377461        1137.6191565040190     
   1.0409999767567903       0.88959887092674184       0.15140110583004843       0.14543814525504103        1149.3142843154169     
   1.0459999766450037       0.89386527747996580       0.15213469916503780       0.14544426631155652        1161.0635884944786     
   1.0509999765331590       0.89813178860104836       0.15286818793211066       0.14545022963403242        1172.8670537533312     
   1.0559999764214560       0.90239840174858243       0.15360157467287364       0.14545603986980613        1184.7246650618956     
   1.0609999763096576       0.90666511444480402       0.15433486186485348       0.14546170151827614        1196.6364076414673     
   1.0659999761979591       0.91093192427453629       0.15506805192342282       0.14546721893605960        1208.6022669587987     
   1.0709999760860907       0.91519882888254545       0.15580114720354510       0.14547259634207618        1220.6222287198748     
   1.0759999759743539       0.91946582597279791       0.15653415000155599       0.14547783782226303        1232.6962788643682     
   1.0809999758625661       0.92373291330578333       0.15726706255678274       0.14548294733429026        1244.8244035598916     
   1.0859999757507415       0.92800008869758666       0.15799988705315479       0.14548792871190533        1257.0065891965944     
   1.0909999756390065       0.93226735001813277       0.15873262562087379       0.14549278566931492        1269.2428223820345     
   1.0959999755272429       0.93653469518946442       0.15946528033777860       0.14549752180520448        1281.5330899358869     
   1.1009999754154456       0.94080212218450465       0.16019785323094085       0.14550214060676309        1293.8773788851065     
   1.1059999753035945       0.94506962902559599       0.16093034627799854       0.14550664545342645        1306.2756764590340     
   1.1109999751919242       0.94933721378328351       0.16166276140864055       0.14551103962060258        1318.7279700849297     
   1.1159999750801619       0.95360487457437815       0.16239510050578376       0.14551532628315603        1331.2342473831225     
   1.1209999749683079       0.95787260956137066       0.16312736540693737       0.14551950851876619        1343.7944961628948     
   1.1259999748565308       0.96214041695099317       0.16385955790553755       0.14552358931128370        1356.4087044180847     
   1.1309999747447572       0.96640829499273972       0.16459167975201752       0.14552757155380341        1369.0768603230088     
   1.1359999746330001       0.97067624197794067       0.16532373265505948       0.14553145805172180        1381.7989522282630     
   1.1409999745211805       0.97494425623851177       0.16605571828266871       0.14553525152562236        1394.5749686570537     
   1.1459999744093765       0.97921233614601255       0.16678763826336396       0.14553895461413310        1407.4048983012149     
   1.1509999742977028       0.98348048011051281       0.16751949418719003       0.14554256987660158        1420.2887300175996     
   1.1559999741858842       0.98774868657919701       0.16825128760668714       0.14554609979570157        1433.2264528243768     
   1.1609999740741141       0.99201695403610746       0.16898302003800680       0.14554954677993776        1446.2180558976934     
   1.1659999739623248       0.99628528100051172       0.16971469296181316       0.14555291316610003        1459.2635285681827     
   1.1709999738505770        1.0005536660263070       0.17044630782426992       0.14555620122158891        1472.3628603176780     
   1.1759999737387785        1.0048221077008677       0.17117786603791077       0.14555941314666562        1485.5160407759363     
   1.1809999736269647        1.0090906046444703       0.17190936898249445       0.14556255107656288        1498.7230597176401     
   1.1859999735153059        1.0133591555092840       0.17264081800602182       0.14556561708371218        1511.9839070592875     
   1.1909999734033885        1.0176277589781138       0.17337221442527470       0.14556861317960249        1525.2985728561430     
   1.1959999732917117        1.0218964137646933       0.17410355952701850       0.14557154131687725        1538.6670472995772     
   1.2009999731799323        1.0261651186115419       0.17483485456839035       0.14557440339109551        1552.0893207140298     
   1.2059999730680604        1.0304338722901474       0.17556610077791307       0.14557720124261150        1565.5653835544417     
   1.2109999729563290        1.0347026736001259       0.17629729935620297       0.14557993665831453        1579.0952264035093     
   1.2159999728445583        1.0389715213679720       0.17702845147658641       0.14558261137331130        1592.6788399690602     
   1.2209999727328023        1.0432404144469489       0.17775955828585341       0.14558522707252627        1606.3162150817445     
   1.2259999726209780        1.0475093517160232       0.17849062090495485       0.14558778539233772        1620.0073426922499     
   1.2309999725092007        1.0517783320795588       0.17922164042964184       0.14559028792204323        1633.7522138692211     
   1.2359999723974391        1.0560473544663527       0.17995261793108644       0.14559273620535501        1647.5508197967481     
   1.2409999722856984        1.0603164178291837       0.18068355445651468       0.14559513174180666        1661.4031517721355     
   1.2459999721738753        1.0645855211440893       0.18141445102978598       0.14559747598812159        1675.3092012036386     
   1.2509999720621330        1.0688546634100951       0.18214530865203790       0.14559977035954030        1689.2689596085163     
   1.2559999719503416        1.0731238436481747       0.18287612830216687       0.14560201623109370        1703.2824186106259     
   1.2609999718385669        1.0773930609011138       0.18360691093745327       0.14560421493883952        1717.3495699385442     
   1.2659999717267851        1.0816623142327373       0.18433765749404787       0.14560636778104896        1731.4704054235326     
   1.2709999716150169        1.0859316027274997       0.18506836888751713       0.14560847601936369        1745.6449169976561     
   1.2759999715032178        1.0902009254898772       0.18579904601334055       0.14561054087991568        1759.8730966917603     
   1.2809999713914912        1.0944702816440652       0.18652968974742598       0.14561256355439833        1774.1549366336501     
   1.2859999712797114        1.0987396703331789       0.18726030094653265       0.14561454520110761        1788.4904290463160     
   1.2909999711679145        1.1030090907191554       0.18799088044875917       0.14561648694592266        1802.8795662461650     
   1.2959999710561592        1.1072785419820792       0.18872142907407990       0.14561838988336065        1817.3223406412640     
   1.3009999709443774        1.1115480233197435       0.18945194762463394       0.14562025507741824        1831.8187447296098     
   1.3059999708326389        1.1158175339473748       0.19018243688526404       0.14562208356253900        1846.3687710976794     
   1.3109999707208593        1.1200870730969859       0.19091289762387345       0.14562387634448162        1860.9724124185436     
   1.3159999706090635        1.1243566400171883       0.19164333059187516       0.14562563440117701        1875.6296614504965     
   1.3209999704972386        1.1286262339726780       0.19237373652456063       0.14562735868355023        1890.3405110355675     
   1.3259999703855379        1.1328958542440499       0.19310411614148787       0.14562905011630004        1905.1049540977801     
   1.3309999702737529        1.1371655001269172       0.19383447014683580       0.14563070959871544        1919.9229836419336     
   1.3359999701619119        1.1414351709321238       0.19456479922978812       0.14563233800537326        1934.7945927520370     
   1.3409999700502375        1.1457048659853124       0.19529510406492520       0.14563393618689560        1949.7197745900935     
   1.3459999699384333        1.1499745846260006       0.19602538531243283       0.14563550497062724        1964.6985223944193     
   1.3509999698266772        1.1542443262080757       0.19675564361860159       0.14563704516132878        1979.7308294786737     
   1.3559999697148477        1.1585140900988027       0.19748587961604508       0.14563855754183699        1994.8166892303027     
   1.3609999696030661        1.1627838756790096       0.19821609392405654       0.14564004287367177        2009.9560951093981     
   1.3659999694913474        1.1670536823424174       0.19894628714893012       0.14564150189769848        2025.1490406474054     
   1.3709999693796198        1.1713235094954126       0.19967645988420712       0.14564293533468212        2040.3955194459479     
   1.3759999692677820        1.1755933565567895       0.20040661271099253       0.14564434388587663        2055.6955251755044     
   1.3809999691560302        1.1798632229577204       0.20113674619830979       0.14564572823360047        2071.0490515745223     
   1.3859999690442586        1.1841331081410056       0.20186686090325306       0.14564708904175086        2086.4560924479647     
   1.3909999689324513        1.1884030115610826       0.20259695737136862       0.14564842695636823        2101.9166416664530     
   1.3959999688207123        1.1926729326838610       0.20332703613685132       0.14564974260609351        2117.4306931650667     
   1.4009999687089365        1.1969428709861276       0.20405709772280892       0.14565103660270146        2132.9982409421900     
   1.4059999685971061        1.2012128259555612       0.20478714264154493       0.14565230954157110        2148.6192790587024     
   1.4109999684853665        1.2054827970905624       0.20551717139480402       0.14565356200214222        2164.2938016368207     
   1.4159999683735913        1.2097527838996522       0.20624718447393905       0.14565479454835956        2180.0218028590107     
   1.4209999682618406        1.2140227859016153       0.20697718236022539       0.14565600772911963        2195.8032769672086     
   1.4259999681500668        1.2182928026250306       0.20770716552503618       0.14565720207868749        2211.6382182617635     
   1.4309999680382839        1.2225628336081962       0.20843713443008768       0.14565837811710650        2227.5266211004987     
   1.4359999679265334        1.2268328783988733       0.20916708952766006       0.14565953635060330        2243.4684798978751     
   1.4409999678148049        1.2311029365540451       0.20989703126075981       0.14566067727194804        2259.4637891239431     
   1.4459999677030289        1.2353730076396627       0.21062696006336618       0.14566180136085835        2275.5125433036310     
   1.4509999675912142        1.2396430912306089       0.21135687636060521       0.14566290908433027        2291.6147370157955     
   1.4559999674794719        1.2439131869104412       0.21208678056903082       0.14566400089704742        2307.7703648924426     
   1.4609999673677108        1.2481832942710760       0.21281667309663474       0.14566507724162880        2323.9794216178052     
   1.4659999672559580        1.2524534129127451       0.21354655434321287       0.14566613854905255        2340.2419019276117     
   1.4709999671441367        1.2567235424437240       0.21427642470041267       0.14566718523890809        2356.5578006083256     
   1.4759999670323594        1.2609936824803409       0.21500628455201831       0.14566821771975322        2372.9271124963261     
   1.4809999669206455        1.2652638326465826       0.21573613427406285       0.14566923638940388        2389.3498324770917     
   1.4859999668088510        1.2695339925739157       0.21646597423493530       0.14567024163519379        2405.8259554845545     
   1.4909999666970859        1.2738041619013989       0.21719580479568706       0.14567123383431499        2422.3554765003596     
   1.4959999665852748        1.2780743402752082       0.21792562631006668       0.14567221335405325        2438.9383905530776     
