   1.0000075814363975E-003  0.89902485001880039       0.94457264505195637        2.0331699149013023E-007   4.9968167300899692E-004   6.3297314555545579E-008
   5.9999999231980742E-003   2.2553318241828570        5.6755555716757282        5.9721605478167183E-005   6.3850535292099674E-003   1.9732218924655294E-005
   1.1000000361793091E-002   2.9884438576398140        10.412966177749711        4.3284208531908737E-004   1.4984321657059815E-002   1.4335999327700586E-004
   1.6000000417990254E-002   3.5566780319816966        15.154416636351499        1.4825217072404397E-003   2.6390267260617550E-002   4.9134548195925638E-004
   2.0999999553085614E-002   4.0554461759916887        19.899036872869040        3.6069808403567383E-003   4.0946218233028533E-002   1.1957796502486647E-003
   2.5999999517643674E-002   4.5191278642804464        24.646291473234150        7.1927754799321567E-003   5.8695426540002663E-002   2.3848834970820287E-003
   3.1000003897034865E-002   4.9621164356514207        29.395759464780745        1.2580376632476478E-002   7.9422109599079638E-002   4.1715917585416623E-003
   3.5999999270362813E-002   5.3903135277251240        34.147069343494188        2.0042863501522377E-002  0.10277444960982607        6.6464858298126220E-003
   4.1000003242590531E-002   5.8069834203857305        38.899936341340201        2.9776529630168948E-002  0.12838258232115138        9.8746779506060055E-003
   4.6000003751251940E-002   6.2132008914582979        43.654116413934688        4.1901337225342568E-002  0.15595178276932659        1.3895961870138212E-002
   5.1000012439594199E-002   6.6100619592000704        48.409457410985183        5.6468045497719589E-002  0.18532762731048380        1.8727177204126123E-002
   5.6000012213824668E-002   6.9981305403543406        53.165857321368264        7.3469357998069071E-002  0.21653465719745643        2.4365906850218180E-002
   6.1000008985732893E-002   7.3785314195626848        57.923305353203830        9.2852476523286334E-002  0.24979504711681272        3.0794640962426862E-002
   6.6000005713902937E-002   7.7525508566644419        62.681856657576660       0.11453197782037489       0.28553359439156972        3.7985047996233541E-002
   7.1000003076487808E-002   8.1216803226814296        67.441627658044609       0.13840166172846330       0.32437280414760461        4.5901904602465800E-002
   7.5999998327107937E-002   8.4875964368638925        72.202789286532891       0.16434493870841685       0.36712214138623367        5.4506541058887657E-002
   8.0999998497192638E-002   8.8522571152291150        76.965570846088767       0.19224344556993872       0.41476394895915647        6.3759699021451774E-002
   8.5999998102128938E-002   9.2176405187850463        81.730237337314222       0.22198422433641421       0.46843859950482819        7.3623912684102052E-002
   9.1000018328991295E-002   9.5860535397525197        86.497113002162138       0.25346489893052881       0.52942874683723307        8.4065225848153804E-002
   9.5999998858505839E-002   9.9592402163591824        91.266498525116376       0.28659871534012377       0.59914678976595548        9.5054863692684025E-002
  0.10099999797672048        10.339910840593303        96.038810956611371       0.32131568473769251       0.67911851974659743       0.10656961197962260     
  0.10599999797601733        10.730201638429540        100.81444028201091       0.35756620516443871       0.77097502014972386       0.11859301832040733     
  0.11099999892041881        11.132387244795014        105.59381422182662       0.39532131627880601       0.87644155484459652       0.13111547670577131     
  0.11599999797073249        11.548612574276211        110.37576751543783       0.43617563540386411       0.99635101190517927       0.14394277763784577     
  0.12099999695133914        11.980214085611809        115.15807902137199       0.48272446272584213        1.1310013716569189       0.15681953283524491     
  0.12599999675978651        12.428851095998709        119.94323976138547       0.53291867974659946        1.2835974707083559       0.17005384838292006     
  0.13099999653560954        12.896532470460688        124.73229974322889       0.58622955180962355        1.4564912060927058       0.18375110246888701     
  0.13599999623854617        13.385345940345333        129.52603663327449       0.64245184188150906        1.6519114073998900       0.19797796191097861     
  0.14099999587263987        13.897381291203699        134.32513701361037       0.70151365055455495        1.8720809328297314       0.21278893791782177     
  0.14599999541942366        14.434700876883436        139.13025029501162       0.76341822833684536        2.1192544139885161       0.22823432157091453     
  0.15099999629921129        14.999330631230972        143.94201332685736       0.82821731255039743        2.3957373442962466       0.24436327360809834     
  0.15599999635608502        15.593244475476872        148.76106164557703       0.89599651931327273        2.7038994725739860       0.26122522669450582     
  0.16099999632924367        16.218380577182096        153.58804155251119       0.96686458960504329        3.0461839223400307       0.27887011217121993     
  0.16599999626286210        16.876634964919766        158.42361540173047        1.0409461379273557        3.4251154779851318       0.29734834565648310     
  0.17099999618335796        17.569867305042166        163.26846779275809        1.1183753936073935        3.8433067030510264       0.31671042002725069     
  0.17599999609119016        18.299905137402181        168.12331077960314        1.1992908273830223        4.3034622086773595       0.33700632252242102     
  0.18099999599288755        19.068548057304657        172.98888866385113        1.2838303118526866        4.8083806533510876       0.35828482383516136     
  0.18599999588944682        19.877571113367846        177.86598238997155        1.3721266592253509        5.3609540420097623       0.38059268051088374     
  0.19099999578362076        20.728727341565513        182.75541357197883        1.4643034643495354        5.9641638784137339       0.40397378316419624     
  0.19599999567509219        21.623749078842710        187.65804807178509        1.5604712320571190        6.6210737616064979       0.42846827884330074     
  0.20099999556518489        22.564347970560895        192.57479904978933        1.6607238080286750        7.3348180969103636       0.45411169608230578     
  0.20599999545393899        23.552213484838340        197.50662936062287        1.7651351556189401        8.1085867132961091       0.48093410121102492     
  0.21099999534198177        24.589009937742265        202.45455317728045        1.8737565437314270        8.9456053455385849       0.50895931680404416     
  0.21600000345950049        25.676389936892807        207.41964084412706        1.9866139801420726        9.8491119398285374       0.53820417119519848     
  0.22099999579772686        26.815899866855720        212.40299821784922        2.1037075847850333        10.822330405372455       0.56867822975608751     
  0.22599999506972723        28.009146240843673        217.40580507714796        2.2250082937124538        11.868438814596992       0.60038282121087894     
  0.23099999487590522        29.257619755082896        222.42927421522666        2.3504594317502634        12.990538587170237       0.63331132505600118     
  0.23599999475046940        30.562764006328184        227.47466544304660        2.4799760973968157        14.191620304178180       0.66744889713960742     
  0.24099999463617966        31.925953212056804        232.54327785495599        2.6134463177183065        15.474530291983580       0.70277266807561256     
  0.24599999452392329        33.348481340217567        237.63644366030863        2.7507327862440190        16.841938366182021       0.73925211295605708     
  0.25099999441206200        34.831547115011858        242.75552405153158        2.8916711964201367        18.296292577058178       0.77684853104064533     
  0.25599999430029535        36.376267224778388        247.90188902812758        3.0360914227058728        19.839861008050750       0.81552065360229831     
  0.26099998669348318        37.983605593723127        253.07692487028802        3.1837894339907158        21.474595080851881       0.85521712016679385     
  0.26599997682484194        39.654471780557522        258.28202809717379        3.3345558014120580        23.202208154477422       0.89588408706534051     
  0.27099997331598702        41.389624194428926        263.51858173885068        3.4881717016153253        25.024126453660063       0.93746419274025450     
  0.27599997286245653        43.189685992520175        268.78795201569420        3.6444128493757342        26.941494351603200       0.97989765797856487     
  0.28099997379808545        45.055152572436235        274.09148332225590        3.8030532314492982        28.955174316489952        1.0231233529555193     
  0.28599997527326426        46.986388600645810        279.43049071848304        3.9638685513886536        31.065754388221741        1.0670798025185531     
  0.29099997687473123        48.983627577352912        284.80625343938550        4.1266393080940107        33.273560527384134        1.1117061044281946     
  0.29599997840736109        51.046973298936308        290.22000938731730        4.2911534431033900        35.578672994743464        1.1569427385551667     
  0.30099997978941218        53.176403028107359        295.67295064603303        4.4572085267786745        37.980945894101914        1.2027322548137063     
  0.30599998099993780        55.371772059921781        301.16621999655530        4.6246134675139254        40.480028945722466        1.2490198318109600     
  0.31099998205049378        57.632819461293018        306.70090839781631        4.7931897606043732        43.075390577049156        1.2957537076276882     
  0.31599998296810811        59.959174743698924        312.27805337111317        4.9627723026988466        45.766341549912866        1.3428854872926126     
  0.32099998374892441        62.350365198089207        317.89863818794385        5.1332098176723724        48.552058361762235        1.3903703376190955     
  0.32599998443456074        64.805823906128879        323.56359183878510        5.3043649442791674        51.431605887343821        1.4381670819215477     
  0.33099998502954098        67.324897826615910        329.27378955145656        5.4761140407587723        54.403958756685633        1.4862382090013126     
  0.33599998555652222        69.906856204556007        335.03005389032973        5.6483467613483596        57.468021182412137        1.5345498111977562     
  0.34099998602111109        72.550898833845977        340.83315623269834        5.8209654589918900        60.622644989324009        1.5830714665063901     
  0.34599998643977725        75.256164252978351        346.68381859810233        5.9938844609196469        63.866645767083710        1.6317760779430686     
  0.35099998681144440        78.021737604625415        352.58271569133080        6.1670292590772169        67.198817096594965        1.6806396822437624     
  0.35599998714158521        80.846658227035491        358.53047713269433        6.3403356542955640        70.617942886897694        1.7296412392908047     
  0.36099998743886436        83.729926804138600        364.52768977743176        6.5137488801026251        74.122807930002196        1.7787624101039445     
  0.36599998770406628        86.670512062205106        370.57490007786868        6.6872227325671592        77.712206769650095        1.8279873314289974     
  0.37099998793751365        89.667357017997219        376.67261645696851        6.8607187234234033        81.384951039999024        1.8773023924006380     
  0.37599998814689761        92.719384740042798        382.82131164986822        7.0342052696135609        85.139875420538701        1.9266960175852319     
  0.38099998833086041        95.825503595833382        389.02142497639437        7.2076569287090333        88.975842363350566        1.9761584596436979     
  0.38599998849153283        98.984612054389203        395.27336454728328        7.3810536863453171        92.891745745065478        2.0256816038744256     
  0.39099998862993007        102.19560300293064        401.57750936987748        7.5543802980448973        96.886513587615923        2.0752587857818163     
  0.39599998874879977        105.45736762848958        407.93421135459778        7.7276256872674152        100.95910998147306        2.1248846226163423     
  0.40099998884836002        108.76879886913628        414.34379721011538        7.9007823983459007        105.10853633402922        2.1745548588765051     
  0.40599998892932132        112.12879447932707        420.80657023121813        8.0738461033338442        109.33383205332584        2.2242662258210797     
  0.41099998899434292        115.53625972315389        427.32281197526413        8.2468151589897776        113.63407476692520        2.2740163141942782     
  0.41599998904472668        118.99010972297087        433.89278382753508        8.4196902119853352        118.00838015611619        2.3238034598588584     
  0.42099998908156594        122.48927149934688        440.51672846298970        8.5924738479248628        122.45590148691956        2.3736266412785416     
  0.42599998910413611        126.03268572288377        447.19487120514310        8.7651702813866468        126.97582889641376        2.4234853882240310     
  0.43099998911553605        129.61930821163477        453.92742129091323        8.9377850826188929        131.56738849090209        2.4733797005938007     
  0.43599998911669025        133.24811118276239        460.71457303903196        9.1103249381372677        136.22984130193333        2.5233099766802556     
  0.44099998910622296        136.91808429686958        467.55650693444426        9.2827974411800405        140.96248213905548        2.5732769498172838     
  0.44599998908830163        140.62823551998085        474.45339063516724        9.4552109094602095        145.76463837046717        2.6232816327544746     
  0.45099998906062716        144.37759179617154        481.40537989512637        9.6275742271041054        150.63566865771779        2.6733252689283988     
  0.45599998902645195        148.16519959132989        488.41261942698884        9.7998967078173838        155.57496166901149        2.7234092898306637     
  0.46099998898425776        151.99012528108281        495.47524369003798        9.9721879772057989        160.58193478398121        2.7735352779178442     
  0.46599998893647132        155.85145543758799        502.59337762579366        10.144457871682993        165.65603280837661        2.8237049343547751     
  0.47099998888294126        159.74829699780895        509.76713733113553        10.316716352423381        170.79672670548672        2.8739200511725822     
  0.47599998882423666        163.67977734860384        516.99663068408336        10.488973431936451        176.00351235685463        2.9241824871592312     
  0.48099998876046401        167.64504432716708        524.28195791985070        10.661239112017244        181.27590935577069        2.9744941471373743     
  0.48599998869235289        171.64326615476241        531.62321216416706        10.833523331858158        186.61345983931437        3.0248569642889898     
  0.49099998862028171        175.67363130743178        539.02047992519681        11.005835924468510        192.01572736303939        3.0752728849956612     
  0.49599998854492328        179.73534833624515        546.47384154884571        11.178186580656780        197.48229581872869        3.1257438559835440     
  0.50099998846605343        183.82764564221506        553.98337163919757        11.350584819635428        203.01276839854572        3.1762718135028383     
  0.50599998838462279        187.94977121608068        561.54913944877342        11.523039965154737        208.60676660469215        3.2268586742244616     
  0.51099998830033766        192.10099234224927        569.17120923778828        11.695561126386506        214.26392930478070        3.2775063276266305     
  0.51599998821356363        196.28059528091106        576.84964060870220        11.868157183268162        219.98391183265261        3.3282166297865738     
  0.52099998812474746        200.48788492573169        584.58448881516165        12.040836775086525        225.76638513435219        3.3789913982181723     
  0.52599998803397352        204.72218444467811        592.37580504831362        12.213608292451731        231.61103495580349        3.4298324077978939     
  0.53099998794140879        208.98283490755406        600.22363670283687        12.386479871632902        237.51756107455176        3.4807413874746165     
  0.53599998784657510        213.26919490198549        608.12802762317551        12.559459391241280        243.48567656985483        3.5317200177562986     
  0.54099998775139968        217.58064014536220        616.08901833401171        12.732554470896744        249.51510713354506        3.5827699288635273     
  0.54599998765358704        221.91656308253783        624.10664624991739        12.905772471201791        255.60559041586086        3.6338926993475540     
  0.55099998755578772        226.27637249461890        632.18094587734947        13.079120495383330        261.75687540958285        3.6850898552757729     
  0.55599998745543644        230.65949308949402        640.31194899389584        13.252605391686016        267.96872186484234        3.7363628697110025     
  0.56099998735537571        235.06536511119879        648.49968482440931        13.426233757151930        274.24089973911435        3.7877131626686893     
  0.56599998725385525        239.49344393244419        656.74418019571158        13.600011941475339        280.57318867501897        3.8391421011612361     
  0.57099998715085853        243.94319966535551        665.04545968814239        13.773946052178692        286.96537750894180        3.8906509996945782     
  0.57599998704824751        248.41411676994579        673.40354577402911        13.948041959819319        293.41726380627580        3.9422411208322661     
  0.58099998694357136        252.90569366267675        681.81845894402363        14.122305303576685        299.92865342194847        3.9939136759272458     
  0.58599998683959331        257.41744234383475        690.29021783209510        14.296741497462579        306.49936008703526        4.0456698260903661     
  0.59099998673435350        261.94888801463958        698.81883932347216        14.471355736248334        313.12920501604412        4.0975106831241872     
  0.59599998662915399        266.49956871632327        707.40433866360536        14.646153001989846        319.81801653838221        4.1494373106805176     
  0.60099998652256259        271.06903496451446        716.04672955369949        14.821138070262274        326.56562974826471        4.2014507253756008     
  0.60599998641608099        275.65684940101750        724.74602424543275        14.996315516781383        333.37188617565596        4.2535518980614420     
  0.61099998630956176        280.26258644450775        733.50223362487884        15.171689723656593        340.23663347403561        4.3057417550266246     
  0.61599998620190488        284.88583195383200        742.31536729350250        15.347264885843130        347.15972512592134        4.3580211792929511     
  0.62099998609431706        289.52618290131846        751.18543364529307        15.523045017551711        354.14102016490085        4.4103910119341139     
  0.62599998598606132        294.18324704794367        760.11243993552284        15.699033958351267        361.18038291184047        4.4628520533355305     
  0.63099998587770656        298.85664263307626        769.09639234880831        15.875235379421436        368.27768272652912        4.5154050645294896     
  0.63599998576889405        303.54599806750605        778.13729606029699        16.051652789422604        375.43279377174355        4.5680507684452252     
  0.64099998566041050        308.25095163865268        787.23515529528572        16.228289540526845        382.64559479108044        4.6207898512342549     
  0.64599998555151261        312.97115121943375        796.38997338281399        16.405148833962610        389.91596889740600        4.6736229634762889     
  0.65099998544221072        317.70625398966263        805.60175280848648        16.582233725748523        397.24380337387964        4.7265507214658200     
  0.65599998533284309        322.45592616280982        814.87049526281180        16.759547132048159        404.62898948470252        4.7795737084083330     
  0.66099998522294434        327.21984272015044        824.19620168633412        16.937091834401361        412.07142229612612        4.8326924756011245     
  0.66599998511321101        331.99768715499482        833.57887231355778        17.114870484894183        419.57100050674097        4.8859075436160389     
  0.67099998500341052        336.78915122129746        843.01850671241618        17.292885611027739        427.12762628668133        4.9392194034112995     
  0.67599998489321456        341.59393469195140        852.51510382277752        17.471139620549241        434.74120512511780        4.9926285174500284     
  0.68099998478299173        346.41174512403700        862.06866199270360        17.649634806003785        442.41164568573373        5.0461353207522004     
  0.68599998467243284        351.24229762988023        871.67917901165970        17.828373349261291        450.13885966924357        5.0997402219552024     
  0.69099998456219813        356.08531465700179        881.34665214321956        18.007357325821076        457.92276168357523        5.1534436043229581     
  0.69599998445200650        360.94052577202785        891.07107815417373        18.186588708848380        465.76326911960570        5.2072458266889514     
  0.70099998434126110        365.80766745347836        900.85245334331103        18.366069373279416        473.66030203402750        5.2611472244333291     
  0.70599998423049004        370.68648289109069        910.69077356886703        18.545801099645633        481.61378303792088        5.3151481103885496     
  0.71099998411964838        375.57672178936622        920.58603427305366        18.725785577787569        489.62363719025859        5.3692487757239595     
  0.71599998400895659        380.47814017875862        930.53823050634139        18.906024410388646        497.68979189735006        5.4234494907876636     
  0.72099998389793429        385.39050023165998        940.54735694960380        19.086519116433834        505.81217681661229        5.4777505059366538     
  0.72599998378717878        390.31357008587156        950.61340793633167        19.267271134508633        513.99072376575725        5.5321520523291019     
  0.73099998367592767        395.24712367078422        960.73637747164389        19.448281825971403        522.22536663536278        5.5866543426882540     
  0.73599998356485763        400.19094054246386        970.91625925274809        19.629552478022408        530.51604130665510        5.6412575720444087     
  0.74099998345392359        405.14480572054276        981.15304668594581        19.811084306598932        538.86268557246626        5.6959619184331505     
  0.74599998334251882        410.10850953185064        991.44673290382582        19.992878459221799        547.26523906213095        5.7507675435871901     
  0.75099998323147465        415.08184746011045        1001.7973107824271        20.174936017728765        555.72364317026427        5.8056745936018972     
  0.75599998312005134        420.06461999694909        1012.2047729550760        20.357258000807846        564.23784098825388        5.8606831995478874     
  0.76099998300888105        425.05663250161479        1022.6691118283625        20.539845366553799        572.80777723937092        5.9157934780975792     
  0.76599998289749271        430.05769506147271        1033.1903195946691        20.722699014843080        581.43339821662710        5.9710055321036224     
  0.77099998278618376        435.06762235972894        1043.7683882461408        20.905819789663372        590.11465172375972        6.0263194511699156     
  0.77599998267479131        440.08623354520989        1054.4033095864095        21.089208481302339        598.85148701844332        6.0817353121860949     
  0.78099998256352976        445.11335210760137        1065.0950752427314        21.272865828483184        607.64385475849360        6.1372531798515961     
  0.78599998245190494        450.14880575529975        1075.8436766765401        21.456792520386085        616.49170695008615        6.1928731071706586     
  0.79099998234061375        455.19242629909996        1086.6491051949540        21.640989198673250        625.39499689892727        6.2485951359534990     
  0.79599998222926249        460.24404953660911        1097.5113519595870        21.825456459283231        634.35367916252346        6.3044192972526165     
  0.80099998211740631        465.30351514258768        1108.4304079965793        22.010194854293747        643.36770950550113        6.3603456118243971     
  0.80599998200621037        470.37066656300817        1119.4062642064255        22.195204893689109        652.43704485671310        6.4163740905662916     
  0.81099998189460853        475.44535090877582        1130.4389113705543        22.380487046910375        661.56164326739008        6.4725047348923814     
  0.81599998178295663        480.52741885769524        1141.5283401612990        22.566041744569230        670.74146387233532        6.5287375371624945     
  0.82099998167130117        485.61672455595044        1152.6745411487229        22.751869379953693        679.97646685180950        6.5850724810520553     
  0.82599998155983534        490.71312552393164        1163.8775048081347        22.937970310476857        689.26661339538089        6.6415095419083103     
  0.83099998144812826        495.81648256430958        1175.1372215266595        23.124344859112107        698.61186566732590        6.6980486871058291     
  0.83599998133658970        500.92665967427291        1186.4536816105717        23.310993315789606        708.01218677339421        6.7546898763935967     
  0.84099998122506570        506.04352395854124        1197.8268752908205        23.497915938613136        717.46754072902741        6.8114330621906864     
  0.84599998111323071        511.16694554640122        1209.2567927292091        23.685112955215853        726.97789242861688        6.8682781899270857     
  0.85099998100178498        516.29679751150786        1220.7434240246423        23.872584563918902        736.54320761672682        6.9252251983275119     
  0.85599998089007423        521.43295579207404        1232.2867592172847        24.060330934885329        746.16345285926798        6.9822740196965132     
  0.86099998077851780        526.57529911633253        1243.8867882949062        24.248352211253330        755.83859551728949        7.0394245801998716     
  0.86599998066687356        531.72370892775939        1255.5435011968432        24.436648510190842        765.56860372058907        7.0966768001245599     
  0.87099998055508709        536.87806931410250        1267.2568878190523        24.625219923939078        775.35344634302442        7.1540305941377333     
  0.87599998044342053        542.03826693806479        1279.0269380185450        24.814066520786280        785.19309297887719        7.2114858715267145     
  0.88099998033185623        547.20419096969226        1290.8536416172603        25.003188346032239        795.08751391953933        7.2690425364383486     
  0.88599998022013848        552.37573302106455        1302.7369884060270        25.192585422863978        805.03668013166418        7.3267004880933628     
  0.89099998010824355        557.55278708333424        1314.6769681486005        25.382257753300014        815.04056323608381        7.3844596210235904     
  0.89599997999665171        562.73524946531256        1326.6735705853464        25.572205318976589        825.09913548735608        7.4423198252629357     
  0.90099997988482161        567.92301873296947        1338.7267854358693        25.762428081968782        835.21236975403417        7.5002809865508029     
  0.90599997977312774        573.11599565268909        1350.8366024032489        25.952925985594515        845.38023950013246        7.5583429865319820     
  0.91099997966144231        578.31408313422116        1363.0030111763735        26.143698955139747        855.60271876682771        7.6165057029342114     
  0.91599997954976664        583.51718617648635        1375.2260014331789        26.334746898577585        865.87978215484338        7.6747690097454466     
  0.92099997943805056        588.72521181454101        1387.5055628433440        26.526069707274559        876.21140480799500        7.7331327773887093     
  0.92599997932635625        593.93806906825091        1399.8416850710064        26.717667256666221        886.59756239675335        7.7915968728890821     
  0.93099997921462985        599.15566889218485        1412.2343577771442        26.909539406863129        897.03823110270832        7.8501611600207974     
  0.93599997910283173        604.37792412723763        1424.6835706220315        27.101686003294983        907.53338760372912        7.9088254994673175     
  0.94099997899111931        609.60474945365740        1437.1893132676039        27.294106877319511        918.08300905921351        7.9675897489719558     
  0.94599997887933096        614.83606134493846        1449.7515753793143        27.486801846741841        928.68707309636989        8.0264537634623636     
  0.95099997876768061        620.07177802384228        1462.3703466285583        27.679770716413916        939.34555779662185        8.0854173952006221     
  0.95599997865581865        625.31181941865077        1475.0456166941030        27.873013278722542        950.05844168265583        8.1444804939005024     
  0.96099997854415387        630.55610712201303        1487.7773752646419        28.066529314141611        960.82570370605720        8.2036429068653280     
  0.96599997843242225        635.80456434934069        1500.5656120397684        28.260318591683877        971.64732323510157        8.2629044790962585     
  0.97099997832069018        641.05711589975897        1513.4103167321653        28.454380869376603        982.52328004299284        8.3222650534087990     
  0.97599997820895013        646.31368811744221        1526.3114790689835        28.648715894749735        993.45355429697520        8.3817244705541665     
  0.98099997809714778        651.57420885412591        1539.2690887933147        28.843323405221835        1004.4381265470513        8.4412825693102267     
  0.98599997798545913        656.83860743295827        1552.2831356657866        29.038203128562952        1015.4769777158353        8.5009391865969217     
  0.99099997787369443        662.10681461276965        1565.3536094655624        29.233354783276148        1026.5700890882620        8.5606941575676228     
  0.99599997776188653        667.37876255401113        1578.4804999919318        29.428778078985573        1037.7174423017650        8.6205473157032966     
   1.0009999776501353        672.65438478525732        1591.6637970654376        29.624472716825036        1048.9190193369234        8.6804984929076241     
   1.0059999775384210        677.93361617058838        1604.9034905289152        29.820438389797669        1060.1748025083066        8.7405475195940383     
   1.0109999774265523        683.21639287791561        1618.1995702485303        30.016674783105614        1071.4847744555750        8.8006942247642730     
   1.0159999773147430        688.50265234857534        1631.5520261151282        30.213181574517343        1082.8489181349171        8.8609384360991594     
   1.0209999772030882        693.79233326709095        1644.9608480449033        30.409958434661174        1094.2672168109955        8.9212799800274905     
   1.0259999770913797        699.08537553197414        1658.4260259802127        30.607005027341529        1105.7396540486486        8.9817186818024926     
   1.0309999769796092        704.38172022768640        1671.9475498907161        30.804321009847349        1117.2662137052971        9.0422543655764969     
   1.0359999768677373        709.68130959695657        1685.5254097740610        31.001906033242172        1128.8468799235018        9.1028868544706434     
   1.0409999767560243        714.98408701412609        1699.1595956568256        31.199759742635443        1140.4816371237428        9.1636159706393769     
   1.0459999766442356        720.28999695864468        1712.8500975948168        31.397881777454604        1152.1704699971747        9.2244415353357212     
   1.0509999765324669        725.59898499008625        1726.5969056741940        31.596271771697236        1163.9133634991513        9.2853633689710158     
   1.0559999764206867        730.91099772318057        1740.4000100118610        31.794929354179494        1175.7103028424151        9.3463812911739979     
   1.0609999763089564        736.22598280387717        1754.2594007561954        31.993854148793048        1187.5612734907299        9.4074951208530262     
   1.0659999761971695        741.54388888573556        1768.1750680874620        32.193045774709738        1199.4662611528411        9.4687046762427265     
   1.0709999760854134        746.86466560731321        1782.1470022185445        32.392503846622859        1211.4252517764228        9.5300097749623180     
   1.0759999759736882        752.18826356978275        1796.1751933952914        32.592227974951747        1223.4382315423063        9.5914102340631846     
   1.0809999758618427        757.51463431528362        1810.2596318969522        32.792217766064539        1235.5051868586752        9.6529058700824084     
   1.0859999757501588        762.84373030610629        1824.4003080369200        32.992472822465309        1247.6261043559048        9.7144964990858043     
   1.0909999756383546        768.17550490364897        1838.5972121625928        33.192992742974191        1259.8009708810482        9.7761819367091913     
   1.0959999755265770        773.50991234894036        1852.8503346563043        33.393777122935084        1272.0297734928188        9.8379619982085540     
   1.1009999754147852        778.84690774283047        1867.1596659353306        33.594825554389246        1284.3124994565660        9.8998364985000595     
   1.1059999753030680        784.18644702715449        1881.5251964523918        33.796137626240551        1296.6491362395038        9.9618052521979141     
   1.1109999751912942        789.52848696605918        1895.9469166957633        33.997712924424334        1309.0396715058632        10.023868073653668     
   1.1159999750794993        794.87298512815130        1910.4248171897577        34.199551032062232        1321.4840931126316        10.086024776991529     
   1.1209999749677249        800.21989986888116        1924.9588884949130        34.401651529641271        1333.9823891048272        10.148275176151500     
   1.1259999748559539        805.56919031330915        1939.5491212081604        34.604013995112588        1346.5345477113881        10.210619084908066     
   1.1309999747441863        810.92081633953956        1954.1955059631211        34.806638004101060        1359.1405573410207        10.273056316923402     
   1.1359999746323641        816.27473856231677        1968.8980334302219        35.009523129982334        1371.8004065780240        10.335586685759944     
   1.1409999745206785        821.63091831737029        1983.6566943170712        35.212668944062855        1384.5140841785274        10.398210004925071     
   1.1459999744088580        826.98931764553583        1998.4714793682022        35.416075015664440        1397.2815790664899        10.460926087886619     
   1.1509999742971435        832.34989927820993        2013.3423793657807        35.619740912304138        1410.1028803301729        10.523734748118011     
   1.1559999741853408        837.71262662208642        2028.2693851291731        35.823666199746796        1422.9779772183713        10.586635799104462     
   1.1609999740735888        843.07746374527301        2043.2524875155266        36.027850442190768        1435.9068591371104        10.649629054390438     
   1.1659999739617464        848.44437536291161        2058.2916774194846        36.232293202318907        1448.8895156459578        10.712714327585857     
   1.1709999738500338        853.81332682387756        2073.3869457736505        36.436994041442532        1461.9259364550010        10.775891432401206     
   1.1759999737382274        859.18428409706473        2088.5382835482033        36.641952519593850        1475.0161114213477        10.839160182666943     
   1.1809999736264634        864.55721375876135        2103.7456817513994        36.847168195620824        1488.1600305462532        10.902520392353923     
   1.1859999735146776        869.93208297970932        2119.0091314293081        37.052640627290735        1501.3576839718905        10.965971875596731     
   1.1909999734029129        875.30885951287200        2134.3286236660119        37.258369371378542        1514.6090619784661        11.029514446712493     
   1.1959999732911712        880.68751168129199        2149.7041495835520        37.464353983759239        1527.9141549812950        11.093147920221153     
   1.2009999731793317        886.06800836627451        2165.1357003418925        37.670594019501628        1541.2729535279595        11.156872110866402     
   1.2059999730675988        891.45031899607068        2180.6232671391690        37.877089032933767        1554.6854482956949        11.220686833628012     
   1.2109999729558432        896.83441353433909        2196.1668412113036        38.083838577721387        1568.1516300886235        11.284591903738376     
   1.2159999728440762        902.22026246945268        2211.7664138322812        38.290842206980912        1581.6714898351368        11.348587136709954     
   1.2209999727323348        907.60783680366899        2227.4219763140186        38.498099473300762        1595.2450185854309        11.412672348334514     
   1.2259999726205282        912.99710804269466        2243.1335200062886        38.705609928874047        1608.8722075090423        11.476847354716986     
   1.2309999725087355        918.38804818553058        2258.9010362968020        38.913373125500222        1622.5530478924993        11.541111972268972     
   1.2359999723970319        923.78062971451095        2274.7245166110961        39.121388614718803        1636.2875311369057        11.605466017743252     
   1.2409999722852023        929.17482558538154        2290.6039524122898        39.329655947820669        1650.0756487555614        11.669909308230611     
   1.2459999721734991        934.57060921816367        2306.5393352014594        39.538174675932318        1663.9173923720914        11.734441661179321     
   1.2509999720616940        939.96795448746116        2322.5306565170376        39.746944350087780        1677.8127537178523        11.799062894411028     
   1.2559999719499351        945.36683571374249        2338.5779079352060        39.955964521258757        1691.7617246302189        11.863772826123814     
   1.2609999718381180        950.76722765423028        2354.6810810694724        40.165234740431480        1705.7642970502602        11.928571274909869     
   1.2659999717263912        956.16910549445822        2370.8401675708601        40.374754558649109        1719.8204630208659        11.993458059762611     
   1.2709999716146108        961.57244483957675        2387.0551591275048        40.584523527068114        1733.9302146846826        12.058433000088325     
   1.2759999715028636        966.97722170632665        2403.3260474648609        40.794541197006652        1748.0935442824425        12.123495915715367     
   1.2809999713910503        972.38341251478039        2419.6528243453572        41.004807119993977        1762.3104441508049        12.188646626903905     
   1.2859999712793058        977.79099408062984        2436.0354815685241        41.215320847812364        1776.5809067207504        12.253884954353381     
   1.2909999711675493        983.19994360728367        2452.4740109706295        41.426081932542012        1790.9049245157501        12.319210719211069     
   1.2959999710557577        988.61023867845279        2468.9684044247219        41.637089926609747        1805.2824901500367        12.384623743081905     
   1.3009999709439506        994.02185725077015        2485.5186538404973        41.848344382823178        1819.7135963269313        12.450123848033915     
   1.3059999708322167        999.43477764660827        2502.1247511641941        42.059844854417484        1834.1982358371758        12.515710856607683     
   1.3109999707204492        1004.8489785468987        2518.7866883783026        42.271590895077523        1848.7364015574226        12.581384591818262     
   1.3159999706086793        1010.2644389844304        2535.5044575016491        42.483582058996447        1863.3280864484523        12.647144877168516     
   1.3209999704969280        1015.6811383370252        2552.2780505891583        42.695817900895904        1877.9732835539592        12.712991536650639     
   1.3259999703851189        1021.0990563209259        2569.1074597316720        42.908297976061327        1892.6719859987159        12.778924394752469     
   1.3309999702733626        1026.5181729844892        2585.9926770559778        43.121021840383960        1907.4241869874691        12.844943276465960     
   1.3359999701616252        1031.9384687017421        2602.9336947244738        43.333989050383487        1922.2298798031827        12.911048007289754     
   1.3409999700498272        1037.3599241662557        2619.9305049350783        43.547199163232406        1937.0890578058563        12.977238413232401     
   1.3459999699380494        1042.7825203852412        2636.9830999212118        43.760651736804839        1952.0017144311209        13.043514320823169     
   1.3509999698262840        1048.2062386735201        2654.0914719514958        43.974346329684032        1966.9678431888806        13.109875557110238     
   1.3559999697145027        1053.6310606478048        2671.2556133296407        44.188282501196575        1981.9874376620455        13.176321949667164     
   1.3609999696027242        1059.0569682211001        2688.4755163943478        44.402459811446498        1997.0604915052072        13.242853326599459     
   1.3659999694909619        1064.4839435971405        2705.7511735191047        44.616877821323250        2012.1869984434345        13.309469516543086     
   1.3709999693792074        1069.9119692650036        2723.0825771120353        44.831536092536176        2027.3669522711780        13.376170348671316     
   1.3759999692674427        1075.3410279938382        2740.4697196157472        45.046434187644095        2042.6003468509191        13.442955652700107     
   1.3809999691556787        1080.7711028276819        2757.9125935071829        45.261571670051438        2057.8871761119335        13.509825258883156     
   1.3859999690438727        1086.2021770804129        2775.4111912974367        45.476948104061471        2073.2274340495492        13.576778998024770     
   1.3909999689321202        1091.6342343308361        2792.9655055316771        45.692563054868344        2088.6211147235813        13.643816701473847     
   1.3959999688203377        1097.0672584177423        2810.5755287888278        45.908416088599651        2104.0682122575272        13.710938201133530     
   1.4009999687086523        1102.5012334353091        2828.2412536816141        46.124506772325738        2119.5687208374547        13.778143329460676     
   1.4059999685968492        1107.9361437282043        2845.9626728560693        46.340834674049340        2135.1226347108704        13.845431919459232     
   1.4109999684850678        1113.3719738873895        2863.7397789918077        46.557399362779627        2150.7299481858731        13.912803804699903     
   1.4159999683733038        1118.8087087454082        2881.5725648015359        46.774200408499937        2166.3906556299821        13.980258819306883     
   1.4209999682615295        1124.2463333721041        2899.4610230309740        46.991237382202016        2182.1047514693046        14.047796797965296     
   1.4259999681497730        1129.6848330703847        2917.4051464587324        47.208509855904744        2197.8722301875346        14.115417575923827     
   1.4309999680380072        1135.1241933719946        2935.4049278960788        47.426017402655525        2213.6930863249700        14.183120988992119     
   1.4359999679262407        1140.5644000334598        2953.4603601868207        47.643759596553252        2229.5673144776852        14.250906873544839     
   1.4409999678144827        1146.0054390320709        2971.5714362071230        47.861736012754228        2245.4949092966317        14.318775066520551     
   1.4459999677026931        1151.4472965619459        2989.7381488653091        48.079946227499924        2261.4758654867146        14.386725405427409     
   1.4509999675909460        1156.8899590302333        3007.9604911017846        48.298389818104368        2277.5101778059711        14.454757728336412     
   1.4559999674791946        1162.3334130532587        3026.2384558887279        48.517066362974120        2293.5978410647535        14.522871873884704     
   1.4609999673674281        1167.7776454529301        3044.5720362300312        48.735975441648776        2309.7388501248010        14.591067681285498     
   1.4659999672556583        1173.2226432530581        3062.9612251610947        48.955116634747284        2325.9331998986527        14.659344990308567     
   1.4709999671438470        1178.6683936758450        3081.4060157486401        49.174489524039316        2342.1808853486241        14.727703641299811     
   1.4759999670321169        1184.1148841384754        3099.9064010906577        49.394093692423105        2358.4819014862296        14.796143475171743     
   1.4809999669203360        1189.5621022495552        3118.4623743159873        49.613928723944170        2374.8362433712255        14.864664333406699     
   1.4859999668085684        1195.0100358059601        3137.0739285844238        49.833994203795065        2391.2439061111427        14.933266058054221     
   1.4909999666968541        1200.4586727894780        3155.7410570864035        50.054289718322806        2407.7048848603067        15.001948491730898     
   1.4959999665850576        1205.9080013635737        3174.4637530427694        50.274814855050124        2424.2191748192154        15.070711477624499     
