   1.0000075814363975E-003   9.9990591689769486E-004   1.0166453870272259E-007   1.0166376794533198E-004   4.9974497032355240E-004
   5.9999999231980742E-003   5.9931715946940339E-003   6.8283285040405369E-006   1.1380547652408890E-003   6.4047857481346242E-003
   1.1000000361793091E-002   1.0969810200792672E-002   3.0190161000419628E-005   2.7445600006778892E-003   1.5127681650336821E-002
   1.6000000417990254E-002   1.5923972530210110E-002   7.6027887780143869E-005   4.7517428621226040E-003   2.6881612742576808E-002
   2.0999999553085614E-002   2.0851876903412076E-002   1.4812264967353764E-004   7.0534596583728681E-003   4.2141997883277202E-002
   2.5999999517643674E-002   2.5751423237264617E-002   2.4857628037905838E-004   9.5606263457956534E-003   6.1080310037084688E-002
   3.1000003897034865E-002   3.0621930004432699E-002   3.7807389260216545E-004   1.2195930486264488E-002   8.3593701357621300E-002
   3.5999999270362813E-002   3.5463856848220489E-002   5.3614242214232487E-004   1.4892845361352741E-002  0.10942093543963870     
   4.1000003242590531E-002   4.0278527468951476E-002   7.2147577363905458E-004   1.7596968697055865E-002  0.13825726027175739     
   4.6000003751251940E-002   4.5067838507222319E-002   9.3216524402961855E-004   2.0264460174185282E-002  0.16984774463946481     
   5.1000012439594199E-002   4.9834060019244841E-002   1.1659524203493574E-003   2.2861806587407073E-002  0.20405480451460992     
   5.6000012213824668E-002   5.4579613368991524E-002   1.4203988448331442E-003   2.5364259554259378E-002  0.24090056404767460     
   6.1000008985732893E-002   5.9306933153192583E-002   1.6930758325403065E-003   2.7755337428496032E-002  0.28058968807923962     
   6.6000005713902937E-002   6.4018355705500796E-002   1.9816500084021346E-003   3.0024997527912319E-002  0.32351864238780331     
   7.1000003076487808E-002   6.8716042946202816E-002   2.2839601302849966E-003   3.2168451145340123E-002  0.37027470875007040     
   7.5999998327107937E-002   7.3401933101168632E-002   2.5980652259393090E-003   3.4185069514832113E-002  0.42162868244512142     
   8.0999998497192638E-002   7.8077714583674018E-002   2.9222839135186192E-003   3.6077579848595949E-002  0.47852364798060826     
   8.5999998102128938E-002   8.2744810158183538E-002   3.2551879439454076E-003   3.7851023439322902E-002  0.54206251218893020     
   9.1000018328991295E-002   8.7404380958495884E-002   3.5956373704954109E-003   3.9512490618366092E-002  0.61349397268538686     
   9.5999998858505839E-002   9.2057319226581391E-002   3.9426796319244539E-003   4.1069579987553541E-002  0.69420165345863960     
  0.10099999797672048        9.6704285770950707E-002   4.2957122057697677E-003   4.2531804869539579E-002  0.78568813172621998     
  0.10599999797601733       0.10134570151041948        4.6542964655978515E-003   4.3908458061017071E-002  0.88956803847013100     
  0.11099999892041881       0.10598177756482446        5.0182213555943498E-003   4.5209201841453633E-002   1.0075570315503679     
  0.11599999797073249       0.11059752489996028        5.4024730707722150E-003   4.6573044528287769E-002   1.1402937895430252     
  0.12099999695133914       0.11516924820466258        5.8307487466765619E-003   4.8188007385003749E-002   1.2878209044921640     
  0.12599999675978651       0.11971677532788125        6.2832214319052697E-003   4.9866838043527546E-002   1.4536513190912761     
  0.13099999653560954       0.12424535065919856        6.7546458764109699E-003   5.1562183626278679E-002   1.6402423085615927     
  0.13599999623854617       0.12875714333886007        7.2428528996861061E-003   5.3256272794169980E-002   1.8498893693108689     
  0.14099999587263987       0.13325309311748357        7.7469027551563090E-003   5.4942574339887230E-002   2.0848698707475535     
  0.14599999541942366       0.13773348208787747        8.2665133315461947E-003   5.6619956102042644E-002   2.3474887355594305     
  0.15099999629921129       0.14219819475463655        8.8018015445747323E-003   5.8290077882741681E-002   2.6401006179043454     
  0.15599999635608502       0.14664686573710720        9.3531306189778302E-003   5.9955966906745359E-002   2.9651246992684914     
  0.16099999632924367       0.15107897263805797        9.9210236911856826E-003   6.1621266567592155E-002   3.3250540345112505     
  0.16599999626286210       0.15549390419066703        1.0506092072195085E-002   6.3289712703117285E-002   3.7224638236416152     
  0.17099999618335796       0.15989101177825471        1.1108984405103252E-002   6.4964822532460387E-002   4.1600171230782772     
  0.17599999609119016       0.16426965104918406        1.1730345042006082E-002   6.6649689218903657E-002   4.6404685311997804     
  0.18099999599288755       0.16862921668007352        1.2370779312814011E-002   6.8346848545234914E-002   5.1666654771862488     
  0.18599999588944682       0.17296917193566447        1.3030823953782366E-002   7.0058194848173660E-002   5.7415467225206465     
  0.19099999578362076       0.17728907402053018        1.3710921763090590E-002   7.1784932281482139E-002   6.3681376615779310     
  0.19599999567509219       0.18158859564250462        1.4411400032587562E-002   7.3527552809119642E-002   7.0495420404497970     
  0.20099999556518489       0.18586754298850336        1.5132452576681528E-002   7.5285835375921831E-002   7.7889297929926693     
  0.20599999545393899       0.19012587004046430        1.5874125413474698E-002   7.7058862931014521E-002   8.5895208145071340     
  0.21099999534198177       0.19436368912446075        1.6636306217521022E-002   7.8845054904183531E-002   9.4545646623426283     
  0.21600000345950049       0.19858127961349914        1.7418723846001356E-002   8.0642238736201355E-002   10.387316111023734     
  0.22099999579772686       0.20277907957833732        1.8220916219389535E-002   8.2447586270845308E-002   11.391008635128543     
  0.22599999506972723       0.20695770522589560        1.9042289843831644E-002   8.4257921501089295E-002   12.468821635807872     
  0.23099999487590522       0.21111792382172284        1.9882071054182368E-002   8.6069573572342073E-002   13.623849912226239     
  0.23599999475046940       0.21526065313091694        2.0739341619552473E-002   8.7878568139295357E-002   14.859069201317789     
  0.24099999463617966       0.21938694555460655        2.1613049081573115E-002   8.9680703579270937E-002   16.177302960059194     
  0.24599999452392329       0.22349797033805757        2.2502024185865707E-002   9.1471645068176635E-002   17.581190479138076     
  0.25099999441206200       0.22759499309295386        2.3405001319108110E-002   9.3247019283532559E-002   19.073141108098824     
  0.25599999430029535       0.23167935332425368        2.4320640976041689E-002   9.5002505927843414E-002   20.655381661653049     
  0.26099998669348318       0.23575241864087693        2.5247568052606240E-002   9.6733982144822220E-002   22.329812201018679     
  0.26599997682484194       0.23981565075615882        2.6184326068683119E-002   9.8437324623998776E-002   24.098092241542762     
  0.27099997331598702       0.24387044652263792        2.7129526793349071E-002  0.10010896481423612        25.961590646400325     
  0.27599997286245653       0.24791820607418164        2.8081766788274912E-002  0.10174554184564846        27.921392009581766     
  0.28099997379808545       0.25196029156831601        2.9039682229769430E-002  0.10334407451096811        29.978297669445467     
  0.28599997527326426       0.25599800986061977        3.0001965412644490E-002  0.10490198603681181        32.132834190740297     
  0.29099997687473123       0.26003259825779468        3.0967378616936547E-002  0.10641711710605149        34.385266631812328     
  0.29599997840736109       0.26406521334943533        3.1934765057925737E-002  0.10788772766049488        36.735615733298630     
  0.30099997978941218       0.26809692297572624        3.2903056813685966E-002  0.10931248844835752        39.183678148915618     
  0.30599998099993780       0.27212870112638465        3.3871279873553151E-002  0.11069046397607468        41.729048777533428     
  0.31099998205049378       0.27616142552546497        3.4838556525028826E-002  0.11202108853939566        44.371144284676845     
  0.31599998296810811       0.28019587757411185        3.5804105393996241E-002  0.11330413710056980        47.109227037205478     
  0.32099998374892441       0.28423274423622208        3.6767239512702346E-002  0.11453969275419175        49.942428699381324     
  0.32599998443456074       0.28827262161950717        3.7727362815053588E-002  0.11572811232028371        52.869772969265370     
  0.33099998502954098       0.29231601965287235        3.8683965376668621E-002  0.11686999131802428        55.890196965686940     
  0.33599998555652222       0.29636336774007510        3.9636617816447117E-002  0.11796612952466752        59.002570993609901     
  0.34099998602111109       0.30041502090907618        4.0584965112034910E-002  0.11901749787615042        62.205716455830391     
  0.34599998643977725       0.30447126630954291        4.1528720130234349E-002  0.12002520739249392        65.498421845026769     
  0.35099998681144440       0.30853232974306538        4.2467657068378989E-002  0.12099048052441216        68.879456778838730     
  0.35599998714158521       0.31259838213545305        4.3401605006132181E-002  0.12191462520719383        72.347584126188494     
  0.36099998743886436       0.31666954576449130        4.4330441674373056E-002  0.12279901168107507        75.901570340106147     
  0.36599998770406628       0.32074590015435001        4.5254087549716278E-002  0.12364505210395531        79.540194101079081     
  0.37099998793751365       0.32482748759667612        4.6172500340837551E-002  0.12445418286270736        83.262253432399660     
  0.37599998814689761       0.32891431824279643        4.7085669904101152E-002  0.12522784943733956        87.066571438123930     
  0.38099998833086041       0.33300637473572298        4.7993613595137416E-002  0.12596749360910678        90.952000822994265     
  0.38599998849153283       0.33710361641698705        4.8896372074545780E-002  0.12667454282998861        94.917427348939910     
  0.39099998862993007       0.34120598308588262        4.9794005544047434E-002  0.12735040151414426        98.961772373397736     
  0.39599998874879977       0.34531339834946828        5.0686590399331495E-002  0.12799644403900282        103.08399460408940     
  0.40099998884836002       0.34942577257627266        5.1574216272087373E-002  0.12861400924275437        107.28309119290573     
  0.40599998892932132       0.35354300549482270        5.2456983434498637E-002  0.12920439621891378        111.55809827914692     
  0.41099998899434292       0.35766498845873956        5.3335000535603382E-002  0.12976886122577852        115.90809108111948     
  0.41599998904472668       0.36179160640732200        5.4208382637404670E-002  0.13030861554079609        120.33218361597504     
  0.42099998908156594       0.36592273955973659        5.5077249521829352E-002  0.13082482410981369        124.82952812819811     
  0.42599998910413611       0.37005826486557197        5.5941724238564153E-002  0.13131860485773192        129.39931428463777     
  0.43099998911553605       0.37419805724405342        5.6801931871482664E-002  0.13179102855210525        134.04076819149589     
  0.43599998911669025       0.37834199062747603        5.7657998489214220E-002  0.13224311910196571        138.75315127861356     
  0.44099998910622296       0.38248993884108939        5.8510050265133576E-002  0.13267585421876360        143.53575908887277     
  0.44599998908830163       0.38664177634295632        5.9358212745345279E-002  0.13309016636229828        148.38792000322164     
  0.45099998906062716       0.39079737882361104        6.0202610237016126E-002  0.13348694389640703        153.30899392664620     
  0.45599998902645195       0.39495662371248563        6.1043365313966300E-002  0.13386703241877765        158.29837095884216     
  0.46099998898425776       0.39911939057351986        6.1880598410737876E-002  0.13423123620259128        163.35547006189907     
  0.46599998893647132       0.40328556143249317        6.2714427503978168E-002  0.13458031972727766        168.47973774273137     
  0.47099998888294126       0.40745502102381764        6.3544967859123627E-002  0.13491500925473823        173.67064675665927     
  0.47599998882423666       0.41162765698463816        6.4372331839598534E-002  0.13523599443479833        178.92769484401387     
  0.48099998876046401       0.41580335999415896        6.5196628766305068E-002  0.13554392991633252        184.25040350290806     
  0.48599998869235289       0.41998202387272277        6.6017964819630126E-002  0.13583943694579123        189.63831680360337     
  0.49099998862028171       0.42416354564259662        6.6836442977685123E-002  0.13612310494241897        195.09100024803504     
  0.49599998854492328       0.42834782555906820        6.7652162985855066E-002  0.13639549304087883        200.60803967471224     
  0.50099998846605343       0.43253476711597855        6.8465221350074934E-002  0.13665713158936324        206.18904021204855     
  0.50599998838462279       0.43672427703208305        6.9275711352539709E-002  0.13690852360233963        211.83362527891666     
  0.51099998830033766       0.44091626521675331        7.0083723083584362E-002  0.13715014616085081        217.54143563240737     
  0.51599998821356363       0.44511064472532758        7.0889343488236028E-002  0.13738245175869293        223.31212846243920     
  0.52099998812474746       0.44930733170137316        7.1692656423374343E-002  0.13760586959208981        229.14537653257040     
  0.52599998803397352       0.45350624530982919        7.2493742724144300E-002  0.13782080679336831        235.04086736360142     
  0.53099998794140879       0.45770730766437967        7.3292680277029093E-002  0.13802764960724689        240.99830246202637     
  0.53599998784657510       0.46191044374815549        7.4089544098419571E-002  0.13822676451184360        247.01739658761113     
  0.54099998775139968       0.46611558133444653        7.4884406416953112E-002  0.13841849928352307        253.09787706240857     
  0.54599998765358704       0.47032265089633646        7.5677336757250580E-002  0.13860318400824675        259.23948311520837     
  0.55099998755578772       0.47453158552791835        7.6468402027869350E-002  0.13878113204154485        265.44196526485865     
  0.55599998745543644       0.47874232084895513        7.7257666606481312E-002  0.13895264091651358        271.70508473455334     
  0.56099998735537571       0.48295479492667298        7.8045192428702712E-002  0.13911799320463006        278.02861290178305     
  0.56599998725385525       0.48716894818062589        7.8831039073229400E-002  0.13927745732947003        284.41233077618017     
  0.57099998715085853       0.49138472330280963        7.9615263848048928E-002  0.13943128833558893        290.85602850863637     
  0.57599998704824751       0.49560206517318917        8.0397921875058315E-002  0.13957972861607709        297.35950492710811     
  0.58099998694357136       0.49982092077238449        8.1179066171186864E-002  0.13972300859805570        303.92256709787574     
  0.58599998683959331       0.50404123910876875        8.1958747730824580E-002  0.13986134739156450        310.54502991312563     
  0.59099998673435350       0.50826297113177166        8.2737015602581801E-002  0.13999495340051668        317.22671569916838     
  0.59599998662915399       0.51248606966217680        8.3513916966977228E-002  0.14012402490025838        323.96745384906274     
  0.60099998652256259       0.51671048931312002        8.4289497209442579E-002  0.14024875058175762        330.76708047364031     
  0.60599998641608099       0.52093618642331097        8.5063799992770014E-002  0.14036931006523987        337.62543807371742     
  0.61099998630956176       0.52516311898383028        8.5836867325731467E-002  0.14048587438468846        344.54237522906220     
  0.61599998620190488       0.52939124657206127        8.6608739629843626E-002  0.14059860644453989        351.51774630521430     
  0.62099998609431706       0.53362053029009804        8.7379455804219006E-002  0.14070766145065239        358.55141117683496     
  0.62599998598606132       0.53785093269901607        8.8149053287045226E-002  0.14081318731692108        365.64323496517602     
  0.63099998587770656       0.54208241776232591        8.8917568115380693E-002  0.14091532504822230        372.79308779105855     
  0.63599998576889405       0.54631495078642311        8.9685034982470935E-002  0.14101420910260862        380.00084454018878     
  0.64099998566041050       0.55054849836781450        9.0451487292595958E-002  0.14110996773175502        387.26638464231473     
  0.64599998555151261       0.55478302833761106        9.1216957213901606E-002  0.14120272330350986        394.58959186088231     
  0.65099998544221072       0.55901850971318012        9.1981475729030565E-002  0.14129259260512805        401.97035409534550     
  0.65599998533284309       0.56325491264910621        9.2745072683736857E-002  0.14137968713014468        409.40856319311081     
  0.66099998522294434       0.56749220838975267        9.3507776833191711E-002  0.14146411334888773        416.90411477172722     
  0.66599998511321101       0.57173036922629061        9.4269615886920413E-002  0.14154597296409227        424.45690805035696     
  0.67099998500341052       0.57596936845238733        9.5030616551023128E-002  0.14162536315189353        432.06684569009269     
  0.67599998489321456       0.58020918032403090        9.5790804569183680E-002  0.14170237678972053        439.73383364256790     
  0.68099998478299173       0.58444978002092240        9.6550204762069353E-002  0.14177710267179544        447.45778100648596     
  0.68599998467243284       0.58869114360812880        9.7308841064304000E-002  0.14184962571211904        455.23859989119876     
  0.69099998456219813       0.59293324800158653        9.8066736560611587E-002  0.14192002713682322        463.07620528789818     
  0.69599998445200650       0.59717607093199165        9.8823913520014864E-002  0.14198838466616284        470.97051494629471     
  0.70099998434126110       0.60141959091291142        9.9580393428349706E-002  0.14205477268580358        478.92144925846088     
  0.70599998423049004       0.60566378721029812       0.10033619702019196       0.14211926240983438        486.92893114830940     
  0.71099998411964838       0.60990863981129784       0.10109134430835048       0.14218192203410604        494.99288596598257     
  0.71599998400895659       0.61415412939604808       0.10184585461290854       0.14224281688201063        503.11324138813779     
  0.72099998389793429       0.61840023730954807       0.10259974658838623       0.14230200954194527        511.28992732254898     
  0.72599998378717878       0.62264694553675159       0.10335303825042716       0.14235955999790256        519.52287581808639     
  0.73099998367592767       0.62689423667553323       0.10410574700039446       0.14241552575266184        527.81202097805101     
  0.73599998356485763       0.63114209391482667       0.10485788965003100       0.14246996194503411        536.15729887869952     
  0.74099998345392359       0.63539050100986527       0.10560948244405835       0.14252292146053103        544.55864749089938     
  0.74599998334251882       0.63963944226035796       0.10636054108216085       0.14257445503631655        553.01600660571819     
  0.75099998323147465       0.64388890249098052       0.10711108074049414       0.14262461136098342        561.52931776386606     
  0.75599998312005134       0.64813886702875623       0.10786111609129514       0.14267343716880349        570.09852418780179     
  0.76099998300888105       0.65238932168612940       0.10861066132275164       0.14272097732948849        578.72357071746853     
  0.76599998289749271       0.65664025274050797       0.10935973015698476       0.14276727493298058        587.40440374873083     
  0.77099998278618376       0.66089164691810665       0.11010833586807708       0.14281237137019845        596.14097117492963     
  0.77599998267479131       0.66514349137593365       0.11085649129885769       0.14285630640963018        604.93322233062952     
  0.78099998256352976       0.66939577368627079       0.11160420887725893       0.14289911827005780        613.78110793834526     
  0.78599998245190494       0.67364848182023351       0.11235150063167146       0.14294084368958138        622.68458005725677     
  0.79099998234061375       0.67790160413449729       0.11309837820611644       0.14298151799125447        631.64359203488084     
  0.79599998222926249       0.68215512935504308       0.11384485287421944       0.14302117514549145        640.65809845977617     
  0.80099998211740631       0.68640904656445589       0.11459093555295041       0.14305984782925288        649.72805511732554     
  0.80599998200621037       0.69066334519012962       0.11533663681608074       0.14309756748256608        658.85341894727935     
  0.81099998189460853       0.69491801498851136       0.11608196690609715       0.14313436436202323        668.03414800228245     
  0.81599998178295663       0.69917304603612240       0.11682693574683421       0.14317026759187890        677.27020140949787     
  0.82099998167130117       0.70342842871659561       0.11757155295470557       0.14320530521251215        686.56153933286146     
  0.82599998155983534       0.70768415370989690       0.11831582784993844       0.14323950422675361        695.90812293728914     
  0.83099998144812826       0.71194021198116286       0.11905976946696539       0.14327289064373730        705.30991435443173     
  0.83599998133658970       0.71619659477168651       0.11980338656490315       0.14330548952089989        714.76687664978783     
  0.84099998122506570       0.72045329358788046       0.12054668763718523       0.14333732500396443        724.27897379121816     
  0.84599998111323071       0.72471030019239724       0.12128968092083348       0.14336842036477512        733.84617061854397     
  0.85099998100178498       0.72896760659593796       0.12203237440584704       0.14339879803780051        743.46843281505437     
  0.85599998089007423       0.73322520504676914       0.12277477584330505       0.14342847965445404        753.14572687896452     
  0.86099998077851780       0.73748308802432083       0.12351689275419701       0.14345748607626310        762.87802009748941     
  0.86599998066687356       0.74174124822983933       0.12425873243703427       0.14348583742617102        772.66528052071362     
  0.87099998055508709       0.74599967857941818       0.12500030197566891       0.14351355311857342        782.50747693716221     
  0.87599998044342053       0.75025837219670144       0.12574160824671912       0.14354065188799461        792.40457885040382     
  0.88099998033185623       0.75451732240536939       0.12648265792648677       0.14356715181632934        802.35655645597774     
  0.88599998022013848       0.75877652272232177       0.12722345749781669       0.14359307035899294        812.36338061975755     
  0.89099998010824355       0.76303596685163189       0.12796401325661169       0.14361842436973560        822.42502285710736     
  0.89599997999665171       0.76729564867833888       0.12870433131831285       0.14364323012461877        832.54145531261918     
  0.90099997988482161       0.77155556226126898       0.12944441762355263       0.14366750334456169        842.71265074058510     
  0.90599997977312774       0.77581570182876691       0.13018427794436077       0.14369125921720255        852.93858248666436     
  0.91099997966144231       0.78007606177195610       0.13092391788948621       0.14371451241759836        863.21922446976191     
  0.91599997954976664       0.78433663663983832       0.13166334290992834       0.14373727712815415        873.55455116458893     
  0.92099997943805056       0.78859742113402176       0.13240255830402875       0.14375956705755233        883.94453758538361     
  0.92599997932635625       0.79285841010386526       0.13314156922249099       0.14378139545893773        894.38915926964251     
  0.93099997921462985       0.79711959854144765       0.13388038067318223       0.14380277514734280        904.88839226272898     
  0.93599997910283173       0.80138098157710536       0.13461899752572640       0.14382371851627654        915.44221310319642     
  0.94099997899111931       0.80564255447514899       0.13535742451597033       0.14384423755364162        926.05059880818533     
  0.94599997887933096       0.80990431262908891       0.13609566625024208       0.14386434385703306        936.71352685983231     
  0.95099997876768061       0.81416625155813138       0.13683372720954917       0.14388404864830837        947.43097519182254     
  0.95599997865581865       0.81842836690241394       0.13757161175340465       0.14390336278755661        958.20292217655640     
  0.96099997854415387       0.82269065442027589       0.13830932412387792       0.14392229678652713        969.02934661292261     
  0.96599997843242225       0.82695310998337535       0.13904686844904696       0.14394086082143132        979.91022771419773     
  0.97099997832069018       0.83121572957392953       0.13978424874676060       0.14395906474530767        990.84554509640168     
  0.97599997820895013       0.83547850928103606       0.14052146892791401       0.14397691809971538        1001.8352787675294     
  0.98099997809714778       0.83974144529726347       0.14125853279988432       0.14399443012617028        1012.8794091163618     
  0.98599997798545913       0.84400453391579089       0.14199544406966824       0.14401160977689423        1023.9779169024322     
  0.99099997787369443       0.84826777152679556       0.14273220634689887       0.14402846572524391        1035.1307832458297     
  0.99599997776188653       0.85253115461494089       0.14346882314694567       0.14404500637573783        1046.3379896174683     
   1.0009999776501353       0.85679467975642298       0.14420529789371223       0.14406123987358785        1057.5995178298313     
   1.0059999775384210       0.86105834361605127       0.14494163392236969       0.14407717411388721        1068.9153500279008     
   1.0109999774265523       0.86532214294449750       0.14567783448205479       0.14409281675047125        1080.2854686803394     
   1.0159999773147430       0.86958607457623049       0.14641390273851257       0.14410817520437358        1091.7098565710162     
   1.0209999772030882       0.87385013542656698       0.14714984177652127       0.14412325667197495        1103.1884967910228     
   1.0259999770913797       0.87811432248912047       0.14788565460225930       0.14413806813281049        1114.7213727304511     
   1.0309999769796092       0.88237863283390383       0.14862134414570530       0.14415261635708521        1126.3084680708737     
   1.0359999768677373       0.88664306360490119       0.14935691326283596       0.14416690791287909        1137.9497667779724     
   1.0409999767560243       0.89090761201813395       0.15009236473789025       0.14418094917313040        1149.6452530943823     
   1.0459999766442356       0.89517227535897315       0.15082770128526241       0.14419474632221885        1161.3949115325104     
   1.0509999765324669       0.89943705098073512       0.15156292555173184       0.14420830536245957        1173.1987268681223     
   1.0559999764206867       0.90370193630236995       0.15229804011831680       0.14422163212023092        1185.0566841335892     
   1.0609999763089564       0.90796692880676866       0.15303304750218774       0.14423473225189357        1196.9687686115828     
   1.0659999761971695       0.91223202603868547       0.15376795015848407       0.14424761124951738        1208.9349658290837     
   1.0709999760854134       0.91649722560328251       0.15450275048213086       0.14426027444636386        1220.9552615513851     
   1.0759999759736882       0.92076252516418089       0.15523745080950738       0.14427272702216440        1233.0296417763693     
   1.0809999758618427       0.92502792244178833       0.15597205342005430       0.14428497400816623        1245.1580927287578     
   1.0859999757501588       0.92929341521211950       0.15670656053803925       0.14429702029209859        1257.3406008549907     
   1.0909999756383546       0.93355900130445590       0.15744097433389875       0.14430887062282335        1269.5771528177577     
   1.0959999755265770       0.93782467860065633       0.15817529692592072       0.14432052961490702        1281.8677354910274     
   1.1009999754147852       0.94209044503321604       0.15890953038156930       0.14433200175295419        1294.2123359550660     
   1.1059999753030680       0.94635629858409143       0.15964367671897670       0.14434329139585275        1306.6109414917016     
   1.1109999751912942       0.95062223728308493       0.16037773790820925       0.14435440278078771        1319.0635395795171     
   1.1159999750794993       0.95488825920679365       0.16111171587270559       0.14436534002720622        1331.5701178896234     
   1.1209999749677249       0.95915436247728314       0.16184561249044166       0.14437610714050320        1344.1306642809786     
   1.1259999748559539       0.96342054526067344       0.16257942959528043       0.14438670801576065        1356.7451667962962     
   1.1309999747441863       0.96768680576616606       0.16331316897802023       0.14439714644110313        1369.4136136579439     
   1.1359999746323641       0.97195314224466511       0.16404683238769893       0.14440742610120946        1382.1359932637840     
   1.1409999745206785       0.97621955298801233       0.16478042153266612       0.14441755058047970        1394.9122941834526     
   1.1459999744088580       0.98048603632724241       0.16551393808161560       0.14442752336621367        1407.7425051543767     
   1.1509999742971435       0.98475259063240450       0.16624738366473912       0.14443734785159995        1420.6266150782910     
   1.1559999741853408       0.98901921431065432       0.16698075987468664       0.14444702733870018        1433.5646130174757     
   1.1609999740735888       0.99328590580601595       0.16771406826757279       0.14445656504118268        1446.5564881915009     
   1.1659999739617464       0.99755266359780936       0.16844731036393698       0.14446596408711698        1459.6022299735437     
   1.1709999738500338        1.0018194862002889       0.16918048764974497       0.14447522752157752        1472.7018278874023     
   1.1759999737382274        1.0060863721611033       0.16991360157712404       0.14448435830913214        1485.8552716040149     
   1.1809999736264634        1.0103533200610140       0.17064665356544931       0.14449335933636767        1499.0625509386073     
   1.1859999735146776        1.0146203285126354       0.17137964500204206       0.14450223341419080        1512.3236558474873     
   1.1909999734029129        1.0188873961598339       0.17211257724307902       0.14451098328014295        1525.6385764251786     
   1.1959999732911712        1.0231545216768179       0.17284545161435347       0.14451961160058782        1539.0073029015161     
   1.2009999731793317        1.0274217037673077       0.17357826941202395       0.14452812097282661        1552.4298256388258     
   1.2059999730675988        1.0316889411640930       0.17431103190350583       0.14453651392721495        1565.9061351293228     
   1.2109999729558432        1.0359562326277878       0.17504374032805528       0.14454479292910596        1579.4362219923619     
   1.2159999728440762        1.0402235769465578       0.17577639589751853       0.14455296038074647        1593.0200769718467     
   1.2209999727323348        1.0444909729352228       0.17650899979711207       0.14456101862322154        1606.6576909337653     
   1.2259999726205282        1.0487584194346087       0.17724155318591953       0.14456896993812526        1620.3490548637592     
   1.2309999725087355        1.0530259153109671       0.17797405719776832       0.14457681654944585        1634.0941598647680     
   1.2359999723970319        1.0572934594553614       0.17870651294167059       0.14458456062510811        1647.8929971546490     
   1.2409999722852023        1.0615610507827105       0.17943892150249183       0.14459220427867486        1661.7455580637923     
   1.2459999721734991        1.0658286882318275       0.18017128394167164       0.14459974957092833        1675.6518340332707     
   1.2509999720616940        1.0700963707641304       0.18090360129756358       0.14460719851130596        1689.6118166122633     
   1.2559999719499351        1.0743640973636814       0.18163587458625366       0.14461455305947551        1703.6254974563426     
   1.2609999718381180        1.0786318670362030       0.18236810480191501       0.14462181512667527        1717.6928683251701     
   1.2659999717263912        1.0828996788089020       0.18310029291748928       0.14462898657715059        1731.8139210806282     
   1.2709999716146108        1.0871675317295526       0.18383243988505804       0.14463606922943287        1745.9886476847710     
   1.2759999715028636        1.0914354248663809       0.18456454663648264       0.14464306485767695        1760.2170401981577     
   1.2809999713910503        1.0957033573072708       0.18529661408377943       0.14464997519286751        1774.4990907777092     
   1.2859999712793058        1.0999713281595893       0.18602864311971642       0.14465680192407482        1788.8347916751036     
   1.2909999711675493        1.1042393365493917       0.18676063461815759       0.14466354669958340        1803.2241352349611     
   1.2959999710557577        1.1085073816211823       0.18749258943457539       0.14467021112804401        1817.6671138931188     
   1.3009999709439506        1.1127754625374580       0.18822450840649263       0.14467679677957632        1832.1637201749652     
   1.3059999708322167        1.1170435784783141       0.18895639235390249       0.14468330518682526        1846.7139466937838     
   1.3109999707204492        1.1213117286407948       0.18968824207965446       0.14468973784599923        1861.3177861492409     
   1.3159999706086793        1.1255799122387906       0.19042005836988865       0.14469609621785562        1875.9752313256211     
   1.3209999704969280        1.1298481285025019       0.19115184199442600       0.14470238172868341        1890.6862750906096     
   1.3259999703851189        1.1341163766779927       0.19188359370712624       0.14470859577123235        1905.4509103934683     
   1.3309999702733626        1.1383846560270527       0.19261531424630987       0.14471473970562920        1920.2691302639353     
   1.3359999701616252        1.1426529658265714       0.19334700433505383       0.14472081486024532        1935.1409278104725     
   1.3409999700498272        1.1469213053682432       0.19407866468158405       0.14472682253257077        1950.0662962190891     
   1.3459999699380494        1.1511896739584231       0.19481029597962632       0.14473276399002638        1965.0452287519445     
   1.3509999698262840        1.1554580709175648       0.19554189890871912       0.14473864047077850        1980.0777187459908     
   1.3559999697145027        1.1597264955799595       0.19627347413454310       0.14474445318451390        1995.1637596117132     
   1.3609999696027242        1.1639949472934887       0.19700502230923547       0.14475020331318686        2010.3033448318063     
   1.3659999694909619        1.1682634254192421       0.19773654407171978       0.14475589201177366        2025.4964679599777     
   1.3709999693792074        1.1725319293312277       0.19846804004797974       0.14476152040896589        2040.7431226198496     
   1.3759999692674427        1.1768004584161011       0.19919951085134163       0.14476708960785212        2056.0433025036191     
   1.3809999691556787        1.1810690120728577       0.19993095708282096       0.14477260068662823        2071.3970013708167     
   1.3859999690438727        1.1853375897125591       0.20066237933131359       0.14477805469919300        2086.8042130475742     
   1.3909999689321202        1.1896061907581512       0.20139377817396886       0.14478345267583304        2102.2649314250552     
   1.3959999688203377        1.1938748146440055       0.20212515417633228       0.14478879562378083        2117.7791504586603     
   1.4009999687086523        1.1981434608159411       0.20285650789271109       0.14479408452784664        2133.3468641669156     
   1.4059999685968492        1.2024121287304979       0.20358783986635134       0.14479932035100018        2148.9680666303298     
   1.4109999684850678        1.2066808178553359       0.20431915062973188       0.14480450403489439        2164.6427519905733     
   1.4159999683733038        1.2109495276685234       0.20505044070478037       0.14480963650044545        2180.3709144492891     
   1.4209999682615295        1.2152182576584329       0.20578171060309658       0.14481471864834219        2196.1525482672700     
   1.4259999681497730        1.2194870073235817       0.20651296082619128       0.14481975135956046        2211.9876477634584     
   1.4309999680380072        1.2237557761723061       0.20724419186570109       0.14482473549586880        2227.8762073139624     
   1.4359999679262407        1.2280245637226281       0.20797540420361268       0.14482967190030968        2243.8182213512300     
   1.4409999678144827        1.2322933695020124       0.20870659831247032       0.14483456139767217        2259.8136843631523     
   1.4459999677026931        1.2365621930471495       0.20943777465554350       0.14483940479492821        2275.8625908921422     
   1.4509999675909460        1.2408310339038355       0.21016893368711043       0.14484420288171884        2291.9649355343072     
   1.4559999674791946        1.2450998916266134       0.21090007585258116       0.14484895643075954        2308.1207129386385     
   1.4609999673674281        1.2493687657787658       0.21163120158866233       0.14485366619822726        2324.3299178060870     
   1.4659999672556583        1.2536376559319888       0.21236231132366951       0.14485833292425665        2340.5925448889611     
   1.4709999671438470        1.2579065616662837       0.21309340547756336       0.14486295733324464        2356.9085889899238     
   1.4759999670321169        1.2621754825698761       0.21382448446224078       0.14486754013429329        2373.2780449614011     
   1.4809999669203360        1.2664444182387480       0.21455554868158788       0.14487208202154470        2389.7009077046323     
   1.4859999668085684        1.2707133682767968       0.21528659853177146       0.14487658367458459        2406.1771721691971     
   1.4909999666968541        1.2749823322955056       0.21601763440134855       0.14488104575878147        2422.7068333520374     
   1.4959999665850576        1.2792513099136908       0.21674865667136686       0.14488546892560591        2439.2898862968395     
