   0.00100001   0.00000010   0.00099991    0.0004997    0.0000001    0.8988225    0.0002023   0.2823E+01   0.9404E+03   0.9376E+03   0.3000E-01   0.8990E+00   0.4997E-03
   0.00600000   0.00000683   0.00599317    0.0063851    0.0000197    2.2454275    0.0099043   0.1159E+02   0.9423E+03   0.9307E+03   0.3000E-01   0.2255E+01   0.6405E-02
   0.01100000   0.00003019   0.01096981    0.0149843    0.0001434    2.9492893    0.0391546   0.1902E+02   0.9434E+03   0.9243E+03   0.3000E-01   0.2988E+01   0.1513E-01
   0.01600000   0.00007603   0.01592397    0.0263903    0.0004913    3.4644789    0.0921991   0.2587E+02   0.9442E+03   0.9184E+03   0.3000E-01   0.3557E+01   0.2688E-01
   0.02100000   0.00014812   0.02085188    0.0409462    0.0011958    3.8845351    0.1709111   0.3230E+02   0.9451E+03   0.9128E+03   0.3000E-01   0.4055E+01   0.4214E-01
   0.02600000   0.00024858   0.02575142    0.0586954    0.0023849    4.2438515    0.2752764   0.3839E+02   0.9459E+03   0.9075E+03   0.3000E-01   0.4519E+01   0.6108E-01
   0.03100000   0.00037807   0.03062193    0.0794221    0.0041716    4.5583058    0.4038106   0.4414E+02   0.9467E+03   0.9025E+03   0.3000E-01   0.4962E+01   0.8359E-01
   0.03600000   0.00053614   0.03546386    0.1027744    0.0066465    4.8363221    0.5539914   0.4960E+02   0.9474E+03   0.8978E+03   0.3000E-01   0.5390E+01   0.1094E+00
   0.04100000   0.00072148   0.04027853    0.1283826    0.0098747    5.0843202    0.7226633   0.5475E+02   0.9482E+03   0.8934E+03   0.3000E-01   0.5807E+01   0.1383E+00
   0.04600000   0.00093217   0.04506784    0.1559518    0.0138960    5.3068094    0.9063915   0.5964E+02   0.9489E+03   0.8893E+03   0.3000E-01   0.6213E+01   0.1698E+00
   0.05100001   0.00116595   0.04983406    0.1853276    0.0187272    5.5083240    1.1017380   0.6425E+02   0.9496E+03   0.8854E+03   0.3000E-01   0.6610E+01   0.2041E+00
   0.05600001   0.00142040   0.05457961    0.2165347    0.0243659    5.6926693    1.3054612   0.6862E+02   0.9503E+03   0.8817E+03   0.3000E-01   0.6998E+01   0.2409E+00
   0.06100001   0.00169308   0.05930693    0.2497950    0.0307946    5.8638915    1.5146399   0.7276E+02   0.9510E+03   0.8782E+03   0.3000E-01   0.7379E+01   0.2806E+00
   0.06600001   0.00198165   0.06401836    0.2855336    0.0379850    6.0258044    1.7267465   0.7668E+02   0.9517E+03   0.8750E+03   0.3000E-01   0.7753E+01   0.3235E+00
   0.07100000   0.00228396   0.06871604    0.3243728    0.0459019    6.1820065    1.9396738   0.8040E+02   0.9523E+03   0.8719E+03   0.3000E-01   0.8122E+01   0.3703E+00
   0.07600000   0.00259807   0.07340193    0.3671221    0.0545065    6.3358629    2.1517336   0.8392E+02   0.9530E+03   0.8691E+03   0.3000E-01   0.8488E+01   0.4216E+00
   0.08100000   0.00292228   0.07807771    0.4147639    0.0637597    6.4906248    2.3616323   0.8728E+02   0.9538E+03   0.8665E+03   0.3000E-01   0.8852E+01   0.4785E+00
   0.08600000   0.00325519   0.08274481    0.4684386    0.0736239    6.6492006    2.5684399   0.9047E+02   0.9545E+03   0.8640E+03   0.3000E-01   0.9218E+01   0.5421E+00
   0.09100002   0.00359564   0.08740438    0.5294287    0.0840652    6.8145070    2.7715466   0.9352E+02   0.9553E+03   0.8618E+03   0.3000E-01   0.9586E+01   0.6135E+00
   0.09600000   0.00394268   0.09205732    0.5991468    0.0950549    6.9886089    2.9706313   0.9644E+02   0.9562E+03   0.8597E+03   0.3000E-01   0.9959E+01   0.6942E+00
   0.10100000   0.00429571   0.09670429    0.6791185    0.1065696    7.1743089    3.1656019   0.9924E+02   0.9571E+03   0.8579E+03   0.3000E-01   0.1034E+02   0.7857E+00
   0.10600000   0.00465430   0.10134570    0.7709750    0.1185930    7.3736267    3.3565750   0.1019E+03   0.9581E+03   0.8562E+03   0.3000E-01   0.1073E+02   0.8896E+00
   0.11100000   0.00501822   0.10598178    0.8764416    0.1311155    7.5885562    3.5438310   0.1045E+03   0.9592E+03   0.8547E+03   0.3000E-01   0.1113E+02   0.1008E+01
   0.11600000   0.00540247   0.11059752    0.9963510    0.1439428    7.8070832    3.7415294   0.1070E+03   0.9604E+03   0.8534E+03   0.3000E-01   0.1155E+02   0.1140E+01
   0.12100000   0.00583075   0.11516925    1.1310014    0.1568195    8.0104958    3.9697183   0.1093E+03   0.9616E+03   0.8523E+03   0.3000E-01   0.1198E+02   0.1288E+01
   0.12600000   0.00628322   0.11971678    1.2835975    0.1700538    8.2202656    4.2085854   0.1115E+03   0.9630E+03   0.8515E+03   0.3000E-01   0.1243E+02   0.1454E+01
   0.13100000   0.00675465   0.12424535    1.4564912    0.1837511    8.4436405    4.4528920   0.1136E+03   0.9644E+03   0.8509E+03   0.3000E-01   0.1290E+02   0.1640E+01
   0.13600000   0.00724285   0.12875714    1.6519114    0.1979780    8.6848095    4.7005364   0.1156E+03   0.9660E+03   0.8504E+03   0.3000E-01   0.1339E+02   0.1850E+01
   0.14100000   0.00774690   0.13325309    1.8720809    0.2127889    8.9467251    4.9506562   0.1176E+03   0.9677E+03   0.8501E+03   0.3000E-01   0.1390E+02   0.2085E+01
   0.14600000   0.00826651   0.13773348    2.1192544    0.2282343    9.2316818    5.2030191   0.1195E+03   0.9695E+03   0.8500E+03   0.3000E-01   0.1443E+02   0.2347E+01
   0.15100000   0.00880180   0.14219819    2.3957373    0.2443633    9.5415873    5.4577433   0.1214E+03   0.9715E+03   0.8501E+03   0.3000E-01   0.1500E+02   0.2640E+01
   0.15600000   0.00935313   0.14664687    2.7038995    0.2612252    9.8780966    5.7151479   0.1233E+03   0.9736E+03   0.8503E+03   0.3000E-01   0.1559E+02   0.2965E+01
   0.16100000   0.00992102   0.15107897    3.0461839    0.2788701   10.2427254    5.9756552   0.1251E+03   0.9759E+03   0.8508E+03   0.3000E-01   0.1622E+02   0.3325E+01
   0.16600000   0.01050609   0.15549390    3.4251155    0.2973483   10.6369032    6.2397318   0.1269E+03   0.9783E+03   0.8514E+03   0.3000E-01   0.1688E+02   0.3722E+01
   0.17100000   0.01110898   0.15989101    3.8433067    0.3167104   11.0620217    6.5078456   0.1287E+03   0.9809E+03   0.8522E+03   0.3000E-01   0.1757E+02   0.4160E+01
   0.17600000   0.01173035   0.16426965    4.3034622    0.3370063   11.5194695    6.7804356   0.1305E+03   0.9837E+03   0.8532E+03   0.3000E-01   0.1830E+02   0.4640E+01
   0.18100000   0.01237078   0.16862922    4.8083807    0.3582848   12.0106594    7.0578886   0.1322E+03   0.9866E+03   0.8544E+03   0.3000E-01   0.1907E+02   0.5167E+01
   0.18600000   0.01303082   0.17296917    5.3609540    0.3805927   12.5370480    7.3405231   0.1340E+03   0.9897E+03   0.8558E+03   0.3000E-01   0.1988E+02   0.5742E+01
   0.19100000   0.01371092   0.17728907    5.9641639    0.4039738   13.1001514    7.6285759   0.1357E+03   0.9931E+03   0.8573E+03   0.3000E-01   0.2073E+02   0.6368E+01
   0.19600000   0.01441140   0.18158860    6.6210738    0.4284683   13.7015556    7.9221935   0.1375E+03   0.9966E+03   0.8591E+03   0.3000E-01   0.2162E+02   0.7050E+01
   0.20100000   0.01513245   0.18586754    7.3348181    0.4541117   14.3429229    8.2214251   0.1392E+03   0.1000E+04   0.8611E+03   0.3000E-01   0.2256E+02   0.7789E+01
   0.20600000   0.01587413   0.19012587    8.1085867    0.4809341   15.0259943    8.5262192   0.1409E+03   0.1004E+04   0.8633E+03   0.3000E-01   0.2355E+02   0.8590E+01
   0.21100000   0.01663631   0.19436369    8.9456053    0.5089593   15.7525877    8.8364222   0.1427E+03   0.1008E+04   0.8657E+03   0.3000E-01   0.2459E+02   0.9455E+01
   0.21600000   0.01741872   0.19858128    9.8491119    0.5382042   16.5246117    9.1517782   0.1444E+03   0.1013E+04   0.8684E+03   0.3000E-01   0.2568E+02   0.1039E+02
   0.22100000   0.01822092   0.20277908   10.8223304    0.5686782   17.3439618    9.4719381   0.1461E+03   0.1017E+04   0.8713E+03   0.3000E-01   0.2682E+02   0.1139E+02
   0.22600000   0.01904229   0.20695771   11.8684388    0.6003828   18.2126913    9.7964550   0.1478E+03   0.1022E+04   0.8744E+03   0.3000E-01   0.2801E+02   0.1247E+02
   0.23099999   0.01988207   0.21111792   12.9905386    0.6333113   19.1328179   10.1248018   0.1495E+03   0.1027E+04   0.8777E+03   0.3000E-01   0.2926E+02   0.1362E+02
   0.23599999   0.02073934   0.21526065   14.1916203    0.6674489   20.1063868   10.4563772   0.1512E+03   0.1033E+04   0.8814E+03   0.3000E-01   0.3056E+02   0.1486E+02
   0.24099999   0.02161305   0.21938695   15.4745303    0.7027727   21.1354352   10.7905180   0.1528E+03   0.1038E+04   0.8852E+03   0.3000E-01   0.3193E+02   0.1618E+02
   0.24599999   0.02250202   0.22349797   16.8419384    0.7392521   22.2219692   11.1265122   0.1545E+03   0.1044E+04   0.8893E+03   0.3000E-01   0.3335E+02   0.1758E+02
   0.25099999   0.02340500   0.22759499   18.2962926    0.7768485   23.3679494   11.4635978   0.1561E+03   0.1050E+04   0.8937E+03   0.3000E-01   0.3483E+02   0.1907E+02
   0.25599999   0.02432064   0.23167935   19.8398610    0.8155207   24.5752178   11.8010495   0.1578E+03   0.1056E+04   0.8983E+03   0.3000E-01   0.3638E+02   0.2066E+02
   0.26099999   0.02524757   0.23575242   21.4745951    0.8552171   25.8455372   12.1380684   0.1594E+03   0.1063E+04   0.9032E+03   0.3000E-01   0.3798E+02   0.2233E+02
   0.26599998   0.02618433   0.23981565   23.2022082    0.8958841   27.1805762   12.4738956   0.1609E+03   0.1069E+04   0.9083E+03   0.3000E-01   0.3965E+02   0.2410E+02
   0.27099997   0.02712953   0.24387045   25.0241265    0.9374642   28.5818308   12.8077934   0.1625E+03   0.1076E+04   0.9137E+03   0.3000E-01   0.4139E+02   0.2596E+02
   0.27599997   0.02808177   0.24791821   26.9414944    0.9798977   30.0506277   13.1390583   0.1640E+03   0.1083E+04   0.9193E+03   0.3000E-01   0.4319E+02   0.2792E+02
   0.28099997   0.02903968   0.25196029   28.9551743    1.0231234   31.5881223   13.4670302   0.1655E+03   0.1091E+04   0.9252E+03   0.3000E-01   0.4506E+02   0.2998E+02
   0.28599998   0.03000197   0.25599801   31.0657544    1.0670798   33.1952869   13.7911017   0.1670E+03   0.1098E+04   0.9313E+03   0.3000E-01   0.4699E+02   0.3213E+02
   0.29099998   0.03096738   0.26003260   33.2735605    1.1117061   34.8729044   14.1107232   0.1685E+03   0.1106E+04   0.9376E+03   0.3000E-01   0.4898E+02   0.3439E+02
   0.29599998   0.03193477   0.26406521   35.5786730    1.1569427   36.6215660   14.4254073   0.1699E+03   0.1114E+04   0.9442E+03   0.3000E-01   0.5105E+02   0.3674E+02
   0.30099998   0.03290306   0.26809692   37.9809459    1.2027323   38.4416722   14.7347309   0.1713E+03   0.1122E+04   0.9510E+03   0.3000E-01   0.5318E+02   0.3918E+02
   0.30599998   0.03387128   0.27212870   40.4800289    1.2490198   40.3334367   15.0383353   0.1727E+03   0.1131E+04   0.9580E+03   0.3000E-01   0.5537E+02   0.4173E+02
   0.31099998   0.03483856   0.27616143   43.0753906    1.2957537   42.2968941   15.3359253   0.1741E+03   0.1139E+04   0.9652E+03   0.3000E-01   0.5763E+02   0.4437E+02
   0.31599998   0.03580411   0.28019588   45.7663415    1.3428855   44.3319083   15.6272665   0.1754E+03   0.1148E+04   0.9726E+03   0.3000E-01   0.5996E+02   0.4711E+02
   0.32099998   0.03676724   0.28423274   48.5520584    1.3903703   46.4381833   15.9121819   0.1767E+03   0.1157E+04   0.9802E+03   0.3000E-01   0.6235E+02   0.4994E+02
   0.32599998   0.03772736   0.28827262   51.4316059    1.4381671   48.6152760   16.1905479   0.1780E+03   0.1166E+04   0.9880E+03   0.3000E-01   0.6481E+02   0.5287E+02
   0.33099999   0.03868397   0.29231602   54.4039588    1.4862382   50.8626081   16.4622897   0.1793E+03   0.1175E+04   0.9959E+03   0.3000E-01   0.6732E+02   0.5589E+02
   0.33599999   0.03963662   0.29636337   57.4680212    1.5345498   53.1794800   16.7273762   0.1805E+03   0.1185E+04   0.1004E+04   0.3000E-01   0.6991E+02   0.5900E+02
   0.34099999   0.04058497   0.30041502   60.6226450    1.5830715   55.5650837   16.9858152   0.1817E+03   0.1194E+04   0.1012E+04   0.3000E-01   0.7255E+02   0.6221E+02
   0.34599999   0.04152872   0.30447127   63.8666458    1.6317761   58.0185158   17.2376485   0.1829E+03   0.1204E+04   0.1021E+04   0.3000E-01   0.7526E+02   0.6550E+02
   0.35099999   0.04246766   0.30853233   67.1988171    1.6806397   60.5387905   17.4829471   0.1841E+03   0.1213E+04   0.1029E+04   0.3000E-01   0.7802E+02   0.6888E+02
   0.35599999   0.04340161   0.31259838   70.6179429    1.7296412   63.1248512   17.7218070   0.1852E+03   0.1223E+04   0.1038E+04   0.3000E-01   0.8085E+02   0.7235E+02
   0.36099999   0.04433044   0.31666955   74.1228079    1.7787624   65.7755820   17.9543448   0.1863E+03   0.1233E+04   0.1047E+04   0.3000E-01   0.8373E+02   0.7590E+02
   0.36599999   0.04525409   0.32074590   77.7122068    1.8279873   68.4898182   18.1806939   0.1874E+03   0.1243E+04   0.1056E+04   0.3000E-01   0.8667E+02   0.7954E+02
   0.37099999   0.04617250   0.32482749   81.3849510    1.8773024   71.2663557   18.4010013   0.1885E+03   0.1253E+04   0.1065E+04   0.3000E-01   0.8967E+02   0.8326E+02
   0.37599999   0.04708567   0.32891432   85.1398754    1.9266960   74.1039603   18.6154245   0.1896E+03   0.1263E+04   0.1074E+04   0.3000E-01   0.9272E+02   0.8707E+02
   0.38099999   0.04799361   0.33300637   88.9758424    1.9761585   77.0013750   18.8241286   0.1906E+03   0.1274E+04   0.1083E+04   0.3000E-01   0.9583E+02   0.9095E+02
   0.38599999   0.04889637   0.33710362   92.8917457    2.0256816   79.9573276   19.0272844   0.1916E+03   0.1284E+04   0.1092E+04   0.3000E-01   0.9898E+02   0.9492E+02
   0.39099999   0.04979401   0.34120598   96.8865136    2.0752588   82.9705371   19.2250659   0.1926E+03   0.1294E+04   0.1102E+04   0.3000E-01   0.1022E+03   0.9896E+02
   0.39599999   0.05068659   0.34531340  100.9591100    2.1248846   86.0397188   19.4176488   0.1936E+03   0.1305E+04   0.1111E+04   0.3000E-01   0.1055E+03   0.1031E+03
   0.40099999   0.05157422   0.34942577  105.1085363    2.1745549   89.1635897   19.6052091   0.1946E+03   0.1315E+04   0.1121E+04   0.3000E-01   0.1088E+03   0.1073E+03
   0.40599999   0.05245698   0.35354301  109.3338321    2.2242662   92.3408727   19.7879218   0.1956E+03   0.1326E+04   0.1130E+04   0.3000E-01   0.1121E+03   0.1116E+03
   0.41099999   0.05333500   0.35766499  113.6340748    2.2740163   95.5703000   19.9659597   0.1965E+03   0.1337E+04   0.1140E+04   0.3000E-01   0.1155E+03   0.1159E+03
   0.41599999   0.05420838   0.36179161  118.0083802    2.3238035   98.8506167   20.1394930   0.1974E+03   0.1347E+04   0.1150E+04   0.3000E-01   0.1190E+03   0.1203E+03
   0.42099999   0.05507725   0.36592274  122.4559015    2.3736266  102.1805832   20.3086883   0.1983E+03   0.1358E+04   0.1160E+04   0.3000E-01   0.1225E+03   0.1248E+03
   0.42599999   0.05594172   0.37005826  126.9758289    2.4234854  105.5589775   20.4737082   0.1992E+03   0.1369E+04   0.1170E+04   0.3000E-01   0.1260E+03   0.1294E+03
   0.43099999   0.05680193   0.37419806  131.5673885    2.4733797  108.9845973   20.6347109   0.2001E+03   0.1380E+04   0.1180E+04   0.3000E-01   0.1296E+03   0.1340E+03
   0.43599999   0.05765800   0.37834199  136.2298413    2.5233100  112.4562614   20.7918498   0.2010E+03   0.1390E+04   0.1190E+04   0.3000E-01   0.1332E+03   0.1388E+03
   0.44099999   0.05851005   0.38248994  140.9624821    2.5732769  115.9728108   20.9452735   0.2018E+03   0.1401E+04   0.1200E+04   0.3000E-01   0.1369E+03   0.1435E+03
   0.44599999   0.05935821   0.38664178  145.7646384    2.6232816  119.5331100   21.0951255   0.2027E+03   0.1412E+04   0.1210E+04   0.3000E-01   0.1406E+03   0.1484E+03
   0.45099999   0.06020261   0.39079738  150.6356687    2.6733253  123.1360476   21.2415442   0.2035E+03   0.1423E+04   0.1220E+04   0.3000E-01   0.1444E+03   0.1533E+03
   0.45599999   0.06104337   0.39495662  155.5749617    2.7234093  126.7805368   21.3846628   0.2044E+03   0.1434E+04   0.1230E+04   0.3000E-01   0.1482E+03   0.1583E+03
   0.46099999   0.06188060   0.39911939  160.5819348    2.7735353  130.4655157   21.5246095   0.2052E+03   0.1445E+04   0.1240E+04   0.3000E-01   0.1520E+03   0.1634E+03
   0.46599999   0.06271443   0.40328556  165.6560328    2.8237049  134.1899479   21.6615075   0.2060E+03   0.1456E+04   0.1250E+04   0.3000E-01   0.1559E+03   0.1685E+03
   0.47099999   0.06354497   0.40745502  170.7967267    2.8739201  137.9528222   21.7954748   0.2068E+03   0.1467E+04   0.1261E+04   0.3000E-01   0.1597E+03   0.1737E+03
   0.47599999   0.06437233   0.41162766  176.0035124    2.9241825  141.7531526   21.9266247   0.2076E+03   0.1479E+04   0.1271E+04   0.3000E-01   0.1637E+03   0.1789E+03
   0.48099999   0.06519663   0.41580336  181.2759094    2.9744941  145.5899785   22.0550658   0.2083E+03   0.1490E+04   0.1281E+04   0.3000E-01   0.1676E+03   0.1843E+03
   0.48599999   0.06601796   0.41998202  186.6134598    3.0248570  149.4623641   22.1809021   0.2091E+03   0.1501E+04   0.1292E+04   0.3000E-01   0.1716E+03   0.1896E+03
   0.49099999   0.06683644   0.42416355  192.0157274    3.0752729  153.3693983   22.3042330   0.2099E+03   0.1512E+04   0.1302E+04   0.3000E-01   0.1757E+03   0.1951E+03
   0.49599999   0.06765216   0.42834783  197.4822958    3.1257439  157.3101946   22.4251537   0.2106E+03   0.1523E+04   0.1313E+04   0.3000E-01   0.1797E+03   0.2006E+03
   0.50099999   0.06846522   0.43253477  203.0127684    3.1762718  161.2838902   22.5437554   0.2114E+03   0.1534E+04   0.1323E+04   0.3000E-01   0.1838E+03   0.2062E+03
   0.50599999   0.06927571   0.43672428  208.6067666    3.2268587  165.2896462   22.6601251   0.2121E+03   0.1546E+04   0.1334E+04   0.3000E-01   0.1879E+03   0.2118E+03
   0.51099999   0.07008372   0.44091627  214.2639293    3.2775063  169.3266464   22.7743460   0.2128E+03   0.1557E+04   0.1344E+04   0.3000E-01   0.1921E+03   0.2175E+03
   0.51599999   0.07088934   0.44511064  219.9839118    3.3282166  173.3940975   22.8864977   0.2135E+03   0.1568E+04   0.1355E+04   0.3000E-01   0.1963E+03   0.2233E+03
   0.52099999   0.07169266   0.44930733  225.7663851    3.3789914  177.4912285   22.9966564   0.2143E+03   0.1579E+04   0.1365E+04   0.3000E-01   0.2005E+03   0.2291E+03
   0.52599999   0.07249374   0.45350625  231.6110350    3.4298324  181.6172897   23.1048947   0.2150E+03   0.1591E+04   0.1376E+04   0.3000E-01   0.2047E+03   0.2350E+03
   0.53099999   0.07329268   0.45770731  237.5175611    3.4807414  185.7715527   23.2112822   0.2157E+03   0.1602E+04   0.1386E+04   0.3000E-01   0.2090E+03   0.2410E+03
   0.53599999   0.07408954   0.46191044  243.4856766    3.5317200  189.9533098   23.3158851   0.2163E+03   0.1613E+04   0.1397E+04   0.3000E-01   0.2133E+03   0.2470E+03
   0.54099999   0.07488441   0.46611558  249.5151071    3.5827699  194.1618730   23.4187672   0.2170E+03   0.1624E+04   0.1407E+04   0.3000E-01   0.2176E+03   0.2531E+03
   0.54599999   0.07567734   0.47032265  255.6055904    3.6338927  198.3965742   23.5199889   0.2177E+03   0.1636E+04   0.1418E+04   0.3000E-01   0.2219E+03   0.2592E+03
   0.55099999   0.07646840   0.47453159  261.7568754    3.6850899  202.6567641   23.6196084   0.2184E+03   0.1647E+04   0.1429E+04   0.3000E-01   0.2263E+03   0.2654E+03
   0.55599999   0.07725767   0.47874232  267.9687219    3.7363629  206.9418120   23.7176811   0.2191E+03   0.1658E+04   0.1439E+04   0.3000E-01   0.2307E+03   0.2717E+03
   0.56099999   0.07804519   0.48295479  274.2408997    3.7877132  211.2511049   23.8142602   0.2197E+03   0.1670E+04   0.1450E+04   0.3000E-01   0.2351E+03   0.2780E+03
   0.56599999   0.07883104   0.48716895  280.5731887    3.8391421  215.5840477   23.9093962   0.2204E+03   0.1681E+04   0.1461E+04   0.3000E-01   0.2395E+03   0.2844E+03
   0.57099999   0.07961526   0.49138472  286.9653775    3.8906510  219.9400618   24.0031379   0.2210E+03   0.1692E+04   0.1471E+04   0.3000E-01   0.2439E+03   0.2909E+03
   0.57599999   0.08039792   0.49560207  293.4172638    3.9422411  224.3185851   24.0955316   0.2217E+03   0.1704E+04   0.1482E+04   0.3000E-01   0.2484E+03   0.2974E+03
   0.58099999   0.08117907   0.49982092  299.9286534    3.9939137  228.7190718   24.1866219   0.2223E+03   0.1715E+04   0.1493E+04   0.3000E-01   0.2529E+03   0.3039E+03
   0.58599999   0.08195875   0.50404124  306.4993601    4.0456698  233.1409912   24.2764511   0.2229E+03   0.1726E+04   0.1503E+04   0.3000E-01   0.2574E+03   0.3105E+03
   0.59099999   0.08273702   0.50826297  313.1292050    4.0975107  237.5838278   24.3650603   0.2236E+03   0.1738E+04   0.1514E+04   0.3000E-01   0.2619E+03   0.3172E+03
   0.59599999   0.08351392   0.51248607  319.8180165    4.1494373  242.0470805   24.4524882   0.2242E+03   0.1749E+04   0.1525E+04   0.3000E-01   0.2665E+03   0.3240E+03
   0.60099999   0.08428950   0.51671049  326.5656297    4.2014507  246.5302626   24.5387724   0.2248E+03   0.1760E+04   0.1536E+04   0.3000E-01   0.2711E+03   0.3308E+03
   0.60599999   0.08506380   0.52093619  333.3718862    4.2535519  251.0329008   24.6239486   0.2254E+03   0.1772E+04   0.1546E+04   0.3000E-01   0.2757E+03   0.3376E+03
   0.61099999   0.08583687   0.52516312  340.2366335    4.3057418  255.5545352   24.7080512   0.2260E+03   0.1783E+04   0.1557E+04   0.3000E-01   0.2803E+03   0.3445E+03
   0.61599999   0.08660874   0.52939125  347.1597251    4.3580212  260.0947188   24.7911132   0.2266E+03   0.1795E+04   0.1568E+04   0.3000E-01   0.2849E+03   0.3515E+03
   0.62099999   0.08737946   0.53362053  354.1410202    4.4103910  264.6530169   24.8731660   0.2272E+03   0.1806E+04   0.1579E+04   0.3000E-01   0.2895E+03   0.3586E+03
   0.62599999   0.08814905   0.53785093  361.1803829    4.4628521  269.2290071   24.9542399   0.2278E+03   0.1817E+04   0.1589E+04   0.3000E-01   0.2942E+03   0.3656E+03
   0.63099999   0.08891757   0.54208242  368.2776827    4.5154051  273.8222785   25.0343641   0.2284E+03   0.1829E+04   0.1600E+04   0.3000E-01   0.2989E+03   0.3728E+03
   0.63599999   0.08968503   0.54631495  375.4327938    4.5680508  278.4324316   25.1135664   0.2290E+03   0.1840E+04   0.1611E+04   0.3000E-01   0.3035E+03   0.3800E+03
   0.64099999   0.09045149   0.55054850  382.6455948    4.6207899  283.0590780   25.1918736   0.2296E+03   0.1851E+04   0.1622E+04   0.3000E-01   0.3083E+03   0.3873E+03
   0.64599999   0.09121696   0.55478303  389.9159689    4.6736230  287.7018398   25.2693114   0.2302E+03   0.1863E+04   0.1633E+04   0.3000E-01   0.3130E+03   0.3946E+03
   0.65099999   0.09198148   0.55901851  397.2438034    4.7265507  292.3603495   25.3459045   0.2308E+03   0.1874E+04   0.1643E+04   0.3000E-01   0.3177E+03   0.4020E+03
   0.65599999   0.09274507   0.56325491  404.6289895    4.7795737  297.0342495   25.4216767   0.2313E+03   0.1886E+04   0.1654E+04   0.3000E-01   0.3225E+03   0.4094E+03
   0.66099999   0.09350778   0.56749221  412.0714223    4.8326925  301.7231920   25.4966507   0.2319E+03   0.1897E+04   0.1665E+04   0.3000E-01   0.3272E+03   0.4169E+03
   0.66599999   0.09426962   0.57173037  419.5710005    4.8859075  306.4268387   25.5708485   0.2325E+03   0.1908E+04   0.1676E+04   0.3000E-01   0.3320E+03   0.4245E+03
   0.67099999   0.09503062   0.57596937  427.1276263    4.9392194  311.1448600   25.6442912   0.2330E+03   0.1920E+04   0.1687E+04   0.3000E-01   0.3368E+03   0.4321E+03
   0.67599998   0.09579080   0.58020918  434.7412051    4.9926285  315.8769356   25.7169991   0.2336E+03   0.1931E+04   0.1697E+04   0.3000E-01   0.3416E+03   0.4397E+03
   0.68099998   0.09655020   0.58444978  442.4116457    5.0461353  320.6227534   25.7889917   0.2342E+03   0.1942E+04   0.1708E+04   0.3000E-01   0.3464E+03   0.4475E+03
   0.68599998   0.09730884   0.58869114  450.1388597    5.0997402  325.3820097   25.8602879   0.2347E+03   0.1954E+04   0.1719E+04   0.3000E-01   0.3512E+03   0.4552E+03
   0.69099998   0.09806674   0.59293325  457.9227617    5.1534436  330.1544089   25.9309057   0.2353E+03   0.1965E+04   0.1730E+04   0.3000E-01   0.3561E+03   0.4631E+03
   0.69599998   0.09882391   0.59717607  465.7632691    5.2072458  334.9396631   26.0008626   0.2358E+03   0.1977E+04   0.1741E+04   0.3000E-01   0.3609E+03   0.4710E+03
   0.70099998   0.09958039   0.60141959  473.6603020    5.2611472  339.7374920   26.0701754   0.2364E+03   0.1988E+04   0.1752E+04   0.3000E-01   0.3658E+03   0.4789E+03
   0.70599998   0.10033620   0.60566379  481.6137830    5.3151481  344.5476226   26.1388603   0.2369E+03   0.1999E+04   0.1762E+04   0.3000E-01   0.3707E+03   0.4869E+03
   0.71099998   0.10109134   0.60990864  489.6236372    5.3692488  349.3697889   26.2069329   0.2374E+03   0.2011E+04   0.1773E+04   0.3000E-01   0.3756E+03   0.4950E+03
   0.71599998   0.10184585   0.61415413  497.6897919    5.4234495  354.2037320   26.2744082   0.2380E+03   0.2022E+04   0.1784E+04   0.3000E-01   0.3805E+03   0.5031E+03
   0.72099998   0.10259975   0.61840024  505.8121768    5.4777505  359.0491994   26.3413008   0.2385E+03   0.2034E+04   0.1795E+04   0.3000E-01   0.3854E+03   0.5113E+03
   0.72599998   0.10335304   0.62264695  513.9907238    5.5321521  363.9059454   26.4076247   0.2390E+03   0.2045E+04   0.1806E+04   0.3000E-01   0.3903E+03   0.5195E+03
   0.73099998   0.10410575   0.62689424  522.2253666    5.5866543  368.7737303   26.4733934   0.2396E+03   0.2056E+04   0.1817E+04   0.3000E-01   0.3952E+03   0.5278E+03
   0.73599998   0.10485789   0.63114209  530.5160413    5.6412576  373.6523206   26.5386200   0.2401E+03   0.2068E+04   0.1828E+04   0.3000E-01   0.4002E+03   0.5362E+03
   0.74099998   0.10560948   0.63539050  538.8626856    5.6959619  378.5414887   26.6033170   0.2406E+03   0.2079E+04   0.1838E+04   0.3000E-01   0.4051E+03   0.5446E+03
   0.74599998   0.10636054   0.63963944  547.2652391    5.7507675  383.4410129   26.6674967   0.2411E+03   0.2090E+04   0.1849E+04   0.3000E-01   0.4101E+03   0.5530E+03
   0.75099998   0.10711108   0.64388890  555.7236432    5.8056746  388.3506767   26.7311708   0.2416E+03   0.2102E+04   0.1860E+04   0.3000E-01   0.4151E+03   0.5615E+03
   0.75599998   0.10786112   0.64813887  564.2378410    5.8606832  393.2702694   26.7943506   0.2421E+03   0.2113E+04   0.1871E+04   0.3000E-01   0.4201E+03   0.5701E+03
   0.76099998   0.10861066   0.65238932  572.8077772    5.9157935  398.1995852   26.8570473   0.2426E+03   0.2125E+04   0.1882E+04   0.3000E-01   0.4251E+03   0.5787E+03
   0.76599998   0.10935973   0.65664025  581.4333982    5.9710055  403.1384237   26.9192714   0.2432E+03   0.2136E+04   0.1893E+04   0.3000E-01   0.4301E+03   0.5874E+03
   0.77099998   0.11010834   0.66089165  590.1146517    6.0263195  408.0865892   26.9810331   0.2437E+03   0.2147E+04   0.1904E+04   0.3000E-01   0.4351E+03   0.5961E+03
   0.77599998   0.11085649   0.66514349  598.8514870    6.0817353  413.0438910   27.0423426   0.2442E+03   0.2159E+04   0.1914E+04   0.3000E-01   0.4401E+03   0.6049E+03
   0.78099998   0.11160421   0.66939577  607.6438548    6.1372532  418.0101429   27.1032093   0.2447E+03   0.2170E+04   0.1925E+04   0.3000E-01   0.4451E+03   0.6138E+03
   0.78599998   0.11235150   0.67364848  616.4917070    6.1928731  422.9851632   27.1636425   0.2452E+03   0.2181E+04   0.1936E+04   0.3000E-01   0.4501E+03   0.6227E+03
   0.79099998   0.11309838   0.67790160  625.3949969    6.2485951  427.9687748   27.2236515   0.2456E+03   0.2193E+04   0.1947E+04   0.3000E-01   0.4552E+03   0.6316E+03
   0.79599998   0.11384485   0.68215513  634.3536792    6.3044193  432.9608048   27.2832447   0.2461E+03   0.2204E+04   0.1958E+04   0.3000E-01   0.4602E+03   0.6407E+03
   0.80099998   0.11459094   0.68640905  643.3677095    6.3603456  437.9610843   27.3424308   0.2466E+03   0.2215E+04   0.1969E+04   0.3000E-01   0.4653E+03   0.6497E+03
   0.80599998   0.11533664   0.69066335  652.4370449    6.4163741  442.9694486   27.4012180   0.2471E+03   0.2227E+04   0.1980E+04   0.3000E-01   0.4704E+03   0.6589E+03
   0.81099998   0.11608197   0.69491801  661.5616433    6.4725047  447.9857368   27.4596141   0.2476E+03   0.2238E+04   0.1991E+04   0.3000E-01   0.4754E+03   0.6680E+03
   0.81599998   0.11682694   0.69917305  670.7414639    6.5287375  453.0097919   27.5176270   0.2481E+03   0.2250E+04   0.2001E+04   0.3000E-01   0.4805E+03   0.6773E+03
   0.82099998   0.11757155   0.70342843  679.9764669    6.5850725  458.0414605   27.5752640   0.2486E+03   0.2261E+04   0.2012E+04   0.3000E-01   0.4856E+03   0.6866E+03
   0.82599998   0.11831583   0.70768415  689.2666134    6.6415095  463.0805930   27.6325325   0.2490E+03   0.2272E+04   0.2023E+04   0.3000E-01   0.4907E+03   0.6959E+03
   0.83099998   0.11905977   0.71194021  698.6118657    6.6980487  468.1270431   27.6894395   0.2495E+03   0.2284E+04   0.2034E+04   0.3000E-01   0.4958E+03   0.7053E+03
   0.83599998   0.11980339   0.71619659  708.0121868    6.7546899  473.1806679   27.7459918   0.2500E+03   0.2295E+04   0.2045E+04   0.3000E-01   0.5009E+03   0.7148E+03
   0.84099998   0.12054669   0.72045329  717.4675407    6.8114331  478.2413279   27.8021960   0.2505E+03   0.2306E+04   0.2056E+04   0.3000E-01   0.5060E+03   0.7243E+03
   0.84599998   0.12128968   0.72471030  726.9778924    6.8682782  483.3088869   27.8580586   0.2509E+03   0.2318E+04   0.2067E+04   0.3000E-01   0.5112E+03   0.7338E+03
   0.85099998   0.12203237   0.72896761  736.5432076    6.9252252  488.3832116   27.9135859   0.2514E+03   0.2329E+04   0.2078E+04   0.3000E-01   0.5163E+03   0.7435E+03
   0.85599998   0.12277478   0.73322521  746.1634529    6.9822740  493.4641719   27.9687839   0.2519E+03   0.2340E+04   0.2088E+04   0.3000E-01   0.5214E+03   0.7531E+03
   0.86099998   0.12351689   0.73748309  755.8385955    7.0394246  498.5516407   28.0236584   0.2523E+03   0.2352E+04   0.2099E+04   0.3000E-01   0.5266E+03   0.7629E+03
   0.86599998   0.12425873   0.74174125  765.5686037    7.0966768  503.6454935   28.0782154   0.2528E+03   0.2363E+04   0.2110E+04   0.3000E-01   0.5317E+03   0.7727E+03
   0.87099998   0.12500030   0.74599968  775.3534463    7.1540306  508.7456091   28.1324602   0.2533E+03   0.2374E+04   0.2121E+04   0.3000E-01   0.5369E+03   0.7825E+03
   0.87599998   0.12574161   0.75025837  785.1930930    7.2114859  513.8518685   28.1863985   0.2537E+03   0.2386E+04   0.2132E+04   0.3000E-01   0.5420E+03   0.7924E+03
   0.88099998   0.12648266   0.75451732  795.0875139    7.2690425  518.9641557   28.2400353   0.2542E+03   0.2397E+04   0.2143E+04   0.3000E-01   0.5472E+03   0.8024E+03
   0.88599998   0.12722346   0.75877652  805.0366801    7.3267005  524.0823572   28.2933759   0.2546E+03   0.2408E+04   0.2154E+04   0.3000E-01   0.5524E+03   0.8124E+03
   0.89099998   0.12796401   0.76303597  815.0405632    7.3844596  529.2063619   28.3464252   0.2551E+03   0.2420E+04   0.2165E+04   0.3000E-01   0.5576E+03   0.8224E+03
   0.89599998   0.12870433   0.76729565  825.0991355    7.4423198  534.3360614   28.3991881   0.2555E+03   0.2431E+04   0.2175E+04   0.3000E-01   0.5627E+03   0.8325E+03
   0.90099998   0.12944442   0.77155556  835.2123698    7.5002810  539.4713494   28.4516693   0.2560E+03   0.2442E+04   0.2186E+04   0.3000E-01   0.5679E+03   0.8427E+03
   0.90599998   0.13018428   0.77581570  845.3802395    7.5583430  544.6121222   28.5038735   0.2564E+03   0.2454E+04   0.2197E+04   0.3000E-01   0.5731E+03   0.8529E+03
   0.91099998   0.13092392   0.78007606  855.6027188    7.6165057  549.7582781   28.5558050   0.2569E+03   0.2465E+04   0.2208E+04   0.3000E-01   0.5783E+03   0.8632E+03
   0.91599998   0.13166334   0.78433664  865.8797822    7.6747690  554.9097178   28.6074683   0.2573E+03   0.2476E+04   0.2219E+04   0.3000E-01   0.5835E+03   0.8736E+03
   0.92099998   0.13240256   0.78859742  876.2114048    7.7331328  560.0663441   28.6588677   0.2578E+03   0.2487E+04   0.2230E+04   0.3000E-01   0.5887E+03   0.8839E+03
   0.92599998   0.13314157   0.79285841  886.5975624    7.7915969  565.2280619   28.7100072   0.2582E+03   0.2499E+04   0.2241E+04   0.3000E-01   0.5939E+03   0.8944E+03
   0.93099998   0.13388038   0.79711960  897.0382311    7.8501612  570.3947780   28.7608909   0.2586E+03   0.2510E+04   0.2251E+04   0.3000E-01   0.5992E+03   0.9049E+03
   0.93599998   0.13461900   0.80138098  907.5333876    7.9088255  575.5664014   28.8115227   0.2591E+03   0.2521E+04   0.2262E+04   0.3000E-01   0.6044E+03   0.9154E+03
   0.94099998   0.13535742   0.80564255  918.0830091    7.9675897  580.7428430   28.8619065   0.2595E+03   0.2533E+04   0.2273E+04   0.3000E-01   0.6096E+03   0.9261E+03
   0.94599998   0.13609567   0.80990431  928.6870731    8.0264538  585.9240153   28.9120460   0.2599E+03   0.2544E+04   0.2284E+04   0.3000E-01   0.6148E+03   0.9367E+03
   0.95099998   0.13683373   0.81416625  939.3455578    8.0854174  591.1098332   28.9619449   0.2604E+03   0.2555E+04   0.2295E+04   0.3000E-01   0.6201E+03   0.9474E+03
   0.95599998   0.13757161   0.81842837  950.0584417    8.1444805  596.3002128   29.0116066   0.2608E+03   0.2567E+04   0.2306E+04   0.3000E-01   0.6253E+03   0.9582E+03
   0.96099998   0.13830932   0.82269065  960.8257037    8.2036429  601.4950723   29.0610348   0.2612E+03   0.2578E+04   0.2317E+04   0.3000E-01   0.6306E+03   0.9690E+03
   0.96599998   0.13904687   0.82695311  971.6473232    8.2629045  606.6943316   29.1102328   0.2617E+03   0.2589E+04   0.2328E+04   0.3000E-01   0.6358E+03   0.9799E+03
   0.97099998   0.13978425   0.83121573  982.5232800    8.3222651  611.8979121   29.1592038   0.2621E+03   0.2600E+04   0.2338E+04   0.3000E-01   0.6411E+03   0.9908E+03
   0.97599998   0.14052147   0.83547851  993.4535543    8.3817245  617.1057369   29.2079512   0.2625E+03   0.2612E+04   0.2349E+04   0.3000E-01   0.6463E+03   0.1002E+04
   0.98099998   0.14125853   0.83974145  ***********    8.4412826  622.3177308   29.2564780   0.2629E+03   0.2623E+04   0.2360E+04   0.3000E-01   0.6516E+03   0.1013E+04
   0.98599998   0.14199544   0.84400453  ***********    8.5009392  627.5338200   29.3047874   0.2634E+03   0.2634E+04   0.2371E+04   0.3000E-01   0.6568E+03   0.1024E+04
   0.99099998   0.14273221   0.84826777  ***********    8.5606942  632.7539323   29.3528823   0.2638E+03   0.2646E+04   0.2382E+04   0.3000E-01   0.6621E+03   0.1035E+04
   0.99599998   0.14346882   0.85253115  ***********    8.6205473  637.9779968   29.4007658   0.2642E+03   0.2657E+04   0.2393E+04   0.3000E-01   0.6674E+03   0.1046E+04
   1.00099998   0.14420530   0.85679468  ***********    8.6804985  643.2059442   29.4484406   0.2646E+03   0.2668E+04   0.2404E+04   0.3000E-01   0.6727E+03   0.1058E+04
   1.00599998   0.14494163   0.86105834  ***********    8.7405475  648.4377065   29.4959096   0.2650E+03   0.2679E+04   0.2414E+04   0.3000E-01   0.6779E+03   0.1069E+04
   1.01099998   0.14567783   0.86532214  ***********    8.8006942  653.6732173   29.5431756   0.2654E+03   0.2691E+04   0.2425E+04   0.3000E-01   0.6832E+03   0.1080E+04
   1.01599998   0.14641390   0.86958607  ***********    8.8609384  658.9124112   29.5902411   0.2659E+03   0.2702E+04   0.2436E+04   0.3000E-01   0.6885E+03   0.1092E+04
   1.02099998   0.14714984   0.87385014  ***********    8.9212800  664.1552244   29.6371089   0.2663E+03   0.2713E+04   0.2447E+04   0.3000E-01   0.6938E+03   0.1103E+04
   1.02599998   0.14788565   0.87811432  ***********    8.9817187  669.4015941   29.6837814   0.2667E+03   0.2725E+04   0.2458E+04   0.3000E-01   0.6991E+03   0.1115E+04
   1.03099998   0.14862134   0.88237863  ***********    9.0422544  674.6514589   29.7302613   0.2671E+03   0.2736E+04   0.2469E+04   0.3000E-01   0.7044E+03   0.1126E+04
   1.03599998   0.14935691   0.88664306  ***********    9.1028869  679.9047587   29.7765509   0.2675E+03   0.2747E+04   0.2480E+04   0.3000E-01   0.7097E+03   0.1138E+04
   1.04099998   0.15009236   0.89090761  ***********    9.1636160  685.1614343   29.8226527   0.2679E+03   0.2758E+04   0.2490E+04   0.3000E-01   0.7150E+03   0.1150E+04
   1.04599998   0.15082770   0.89517228  ***********    9.2244415  690.4214279   29.8685690   0.2683E+03   0.2770E+04   0.2501E+04   0.3000E-01   0.7203E+03   0.1161E+04
   1.05099998   0.15156293   0.89943705  ***********    9.2853634  695.6846829   29.9143021   0.2687E+03   0.2781E+04   0.2512E+04   0.3000E-01   0.7256E+03   0.1173E+04
   1.05599998   0.15229804   0.90370194  ***********    9.3463813  700.9511434   29.9598543   0.2691E+03   0.2792E+04   0.2523E+04   0.3000E-01   0.7309E+03   0.1185E+04
   1.06099998   0.15303305   0.90796693  ***********    9.4074951  706.2207550   30.0052278   0.2695E+03   0.2803E+04   0.2534E+04   0.3000E-01   0.7362E+03   0.1197E+04
   1.06599998   0.15376795   0.91223203  ***********    9.4687047  711.4934642   30.0504246   0.2699E+03   0.2815E+04   0.2545E+04   0.3000E-01   0.7415E+03   0.1209E+04
   1.07099998   0.15450275   0.91649723  ***********    9.5300098  716.7692185   30.0954471   0.2703E+03   0.2826E+04   0.2556E+04   0.3000E-01   0.7469E+03   0.1221E+04
   1.07599998   0.15523745   0.92076253  ***********    9.5914102  722.0479665   30.1402971   0.2707E+03   0.2837E+04   0.2566E+04   0.3000E-01   0.7522E+03   0.1233E+04
   1.08099998   0.15597205   0.92502792  ***********    9.6529059  727.3296575   30.1849768   0.2711E+03   0.2848E+04   0.2577E+04   0.3000E-01   0.7575E+03   0.1245E+04
   1.08599998   0.15670656   0.92929342  ***********    9.7144965  732.6142422   30.2294881   0.2715E+03   0.2860E+04   0.2588E+04   0.3000E-01   0.7628E+03   0.1257E+04
   1.09099998   0.15744097   0.93355900  ***********    9.7761819  737.9016719   30.2738330   0.2719E+03   0.2871E+04   0.2599E+04   0.3000E-01   0.7682E+03   0.1270E+04
   1.09599998   0.15817530   0.93782468  ***********    9.8379620  743.1918989   30.3180134   0.2723E+03   0.2882E+04   0.2610E+04   0.3000E-01   0.7735E+03   0.1282E+04
   1.10099998   0.15890953   0.94209045  ***********    9.8998365  748.4848765   30.3620312   0.2727E+03   0.2893E+04   0.2621E+04   0.3000E-01   0.7788E+03   0.1294E+04
   1.10599998   0.15964368   0.94635630  ***********    9.9618053  753.7805588   30.4058882   0.2731E+03   0.2905E+04   0.2632E+04   0.3000E-01   0.7842E+03   0.1307E+04
   1.11099998   0.16037774   0.95062224  ***********   10.0238681  759.0789008   30.4495862   0.2734E+03   0.2916E+04   0.2642E+04   0.3000E-01   0.7895E+03   0.1319E+04
   1.11599998   0.16111172   0.95488826  ***********   10.0860248  764.3798582   30.4931269   0.2738E+03   0.2927E+04   0.2653E+04   0.3000E-01   0.7949E+03   0.1332E+04
   1.12099997   0.16184561   0.95915436  ***********   10.1482752  769.6833877   30.5365121   0.2742E+03   0.2938E+04   0.2664E+04   0.3000E-01   0.8002E+03   0.1344E+04
   1.12599997   0.16257943   0.96342055  ***********   10.2106191  774.9894467   30.5797436   0.2746E+03   0.2949E+04   0.2675E+04   0.3000E-01   0.8056E+03   0.1357E+04
   1.13099997   0.16331317   0.96768681  ***********   10.2730563  780.2979934   30.6228229   0.2750E+03   0.2961E+04   0.2686E+04   0.3000E-01   0.8109E+03   0.1369E+04
   1.13599997   0.16404683   0.97195314  ***********   10.3355867  785.6089869   30.6657517   0.2754E+03   0.2972E+04   0.2697E+04   0.3000E-01   0.8163E+03   0.1382E+04
   1.14099997   0.16478042   0.97621955  ***********   10.3982100  790.9223867   30.7085316   0.2757E+03   0.2983E+04   0.2707E+04   0.3000E-01   0.8216E+03   0.1395E+04
   1.14599997   0.16551394   0.98048604  ***********   10.4609261  796.2381534   30.7511642   0.2761E+03   0.2994E+04   0.2718E+04   0.3000E-01   0.8270E+03   0.1408E+04
   1.15099997   0.16624738   0.98475259  ***********   10.5237347  801.5562483   30.7936510   0.2765E+03   0.3006E+04   0.2729E+04   0.3000E-01   0.8323E+03   0.1421E+04
   1.15599997   0.16698076   0.98901921  ***********   10.5866358  806.8766330   30.8359936   0.2769E+03   0.3017E+04   0.2740E+04   0.3000E-01   0.8377E+03   0.1434E+04
   1.16099997   0.16771407   0.99328591  ***********   10.6496291  812.1992704   30.8781934   0.2773E+03   0.3028E+04   0.2751E+04   0.3000E-01   0.8431E+03   0.1447E+04
   1.16599997   0.16844731   0.99755266  ***********   10.7127143  817.5241235   30.9202519   0.2776E+03   0.3039E+04   0.2762E+04   0.3000E-01   0.8484E+03   0.1460E+04
   1.17099997   0.16918049   1.00181949  ***********   10.7758914  822.8511563   30.9621705   0.2780E+03   0.3050E+04   0.2772E+04   0.3000E-01   0.8538E+03   0.1473E+04
   1.17599997   0.16991360   1.00608637  ***********   10.8391602  828.1803334   31.0039506   0.2784E+03   0.3062E+04   0.2783E+04   0.3000E-01   0.8592E+03   0.1486E+04
   1.18099997   0.17064665   1.01035332  ***********   10.9025204  833.5116200   31.0455938   0.2787E+03   0.3073E+04   0.2794E+04   0.3000E-01   0.8646E+03   0.1499E+04
   1.18599997   0.17137965   1.01462033  ***********   10.9659719  838.8449818   31.0871011   0.2791E+03   0.3084E+04   0.2805E+04   0.3000E-01   0.8699E+03   0.1512E+04
   1.19099997   0.17211258   1.01888740  ***********   11.0295144  844.1803853   31.1284742   0.2795E+03   0.3095E+04   0.2816E+04   0.3000E-01   0.8753E+03   0.1526E+04
   1.19599997   0.17284545   1.02315452  ***********   11.0931479  849.5177975   31.1697142   0.2799E+03   0.3106E+04   0.2827E+04   0.3000E-01   0.8807E+03   0.1539E+04
   1.20099997   0.17357827   1.02742170  ***********   11.1568721  854.8571860   31.2108224   0.2802E+03   0.3118E+04   0.2837E+04   0.3000E-01   0.8861E+03   0.1552E+04
   1.20599997   0.17431103   1.03168894  ***********   11.2206868  860.1985189   31.2518001   0.2806E+03   0.3129E+04   0.2848E+04   0.3000E-01   0.8915E+03   0.1566E+04
   1.21099997   0.17504374   1.03595623  ***********   11.2845919  865.5417649   31.2926486   0.2810E+03   0.3140E+04   0.2859E+04   0.3000E-01   0.8968E+03   0.1579E+04
   1.21599997   0.17577640   1.04022358  ***********   11.3485871  870.8868934   31.3333691   0.2813E+03   0.3151E+04   0.2870E+04   0.3000E-01   0.9022E+03   0.1593E+04
   1.22099997   0.17650900   1.04449097  ***********   11.4126723  876.2338740   31.3739628   0.2817E+03   0.3162E+04   0.2881E+04   0.3000E-01   0.9076E+03   0.1607E+04
   1.22599997   0.17724155   1.04875842  ***********   11.4768474  881.5826772   31.4144309   0.2820E+03   0.3174E+04   0.2892E+04   0.3000E-01   0.9130E+03   0.1620E+04
   1.23099997   0.17797406   1.05302592  ***********   11.5411120  886.9332737   31.4547745   0.2824E+03   0.3185E+04   0.2902E+04   0.3000E-01   0.9184E+03   0.1634E+04
   1.23599997   0.17870651   1.05729346  ***********   11.6054660  892.2856348   31.4949949   0.2828E+03   0.3196E+04   0.2913E+04   0.3000E-01   0.9238E+03   0.1648E+04
   1.24099997   0.17943892   1.06156105  ***********   11.6699093  897.6397325   31.5350931   0.2831E+03   0.3207E+04   0.2924E+04   0.3000E-01   0.9292E+03   0.1662E+04
   1.24599997   0.18017128   1.06582869  ***********   11.7344417  902.9955390   31.5750702   0.2835E+03   0.3218E+04   0.2935E+04   0.3000E-01   0.9346E+03   0.1676E+04
   1.25099997   0.18090360   1.07009637  ***********   11.7990629  908.3530271   31.6149273   0.2838E+03   0.3230E+04   0.2946E+04   0.3000E-01   0.9400E+03   0.1690E+04
   1.25599997   0.18163587   1.07436410  ***********   11.8637728  913.7121701   31.6546656   0.2842E+03   0.3241E+04   0.2957E+04   0.3000E-01   0.9454E+03   0.1704E+04
   1.26099997   0.18236810   1.07863187  ***********   11.9285713  919.0729416   31.6942861   0.2846E+03   0.3252E+04   0.2967E+04   0.3000E-01   0.9508E+03   0.1718E+04
   1.26599997   0.18310029   1.08289968  ***********   11.9934581  924.4353157   31.7337898   0.2849E+03   0.3263E+04   0.2978E+04   0.3000E-01   0.9562E+03   0.1732E+04
   1.27099997   0.18383244   1.08716753  ***********   12.0584330  929.7992671   31.7731777   0.2853E+03   0.3274E+04   0.2989E+04   0.3000E-01   0.9616E+03   0.1746E+04
   1.27599997   0.18456455   1.09143542  ***********   12.1234959  935.1647708   31.8124509   0.2856E+03   0.3285E+04   0.3000E+04   0.3000E-01   0.9670E+03   0.1760E+04
   1.28099997   0.18529661   1.09570336  ***********   12.1886466  940.5318021   31.8516104   0.2860E+03   0.3297E+04   0.3011E+04   0.3000E-01   0.9724E+03   0.1774E+04
   1.28599997   0.18602864   1.09997133  ***********   12.2538850  945.9003370   31.8906571   0.2863E+03   0.3308E+04   0.3021E+04   0.3000E-01   0.9778E+03   0.1789E+04
   1.29099997   0.18676063   1.10423934  ***********   12.3192107  951.2703516   31.9295920   0.2867E+03   0.3319E+04   0.3032E+04   0.3000E-01   0.9832E+03   0.1803E+04
   1.29599997   0.18749259   1.10850738  ***********   12.3846237  956.6418227   31.9684160   0.2870E+03   0.3330E+04   0.3043E+04   0.3000E-01   0.9886E+03   0.1818E+04
   1.30099997   0.18822451   1.11277546  ***********   12.4501238  962.0147271   32.0071301   0.2874E+03   0.3341E+04   0.3054E+04   0.3000E-01   0.9940E+03   0.1832E+04
   1.30599997   0.18895639   1.11704358  ***********   12.5157109  967.3890424   32.0457353   0.2877E+03   0.3352E+04   0.3065E+04   0.3000E-01   0.9994E+03   0.1847E+04
   1.31099997   0.18968824   1.12131173  ***********   12.5813846  972.7647462   32.0842323   0.2881E+03   0.3364E+04   0.3076E+04   0.3000E-01   0.1005E+04   0.1861E+04
   1.31599997   0.19042006   1.12557991  ***********   12.6471449  978.1418168   32.1226222   0.2884E+03   0.3375E+04   0.3086E+04   0.3000E-01   0.1010E+04   0.1876E+04
   1.32099997   0.19115184   1.12984813  ***********   12.7129915  983.5202326   32.1609057   0.2888E+03   0.3386E+04   0.3097E+04   0.3000E-01   0.1016E+04   0.1891E+04
   1.32599997   0.19188359   1.13411638  ***********   12.7789244  988.8999725   32.1990838   0.2891E+03   0.3397E+04   0.3108E+04   0.3000E-01   0.1021E+04   0.1905E+04
   1.33099997   0.19261531   1.13838466  ***********   12.8449433  994.2810156   32.2371574   0.2895E+03   0.3408E+04   0.3119E+04   0.3000E-01   0.1027E+04   0.1920E+04
   1.33599997   0.19334700   1.14265297  ***********   12.9110480  999.6633415   32.2751272   0.2898E+03   0.3419E+04   0.3130E+04   0.3000E-01   0.1032E+04   0.1935E+04
   1.34099997   0.19407866   1.14692131  ***********   12.9772384  ***********   32.3129941   0.2901E+03   0.3431E+04   0.3140E+04   0.3000E-01   0.1037E+04   0.1950E+04
   1.34599997   0.19481030   1.15118967  ***********   13.0435143  ***********   32.3507589   0.2905E+03   0.3442E+04   0.3151E+04   0.3000E-01   0.1043E+04   0.1965E+04
   1.35099997   0.19554190   1.15545807  ***********   13.1098756  ***********   32.3884224   0.2908E+03   0.3453E+04   0.3162E+04   0.3000E-01   0.1048E+04   0.1980E+04
   1.35599997   0.19627347   1.15972650  ***********   13.1763219  ***********   32.4259854   0.2912E+03   0.3464E+04   0.3173E+04   0.3000E-01   0.1054E+04   0.1995E+04
   1.36099997   0.19700502   1.16399495  ***********   13.2428533  ***********   32.4634488   0.2915E+03   0.3475E+04   0.3184E+04   0.3000E-01   0.1059E+04   0.2010E+04
   1.36599997   0.19773654   1.16826343  ***********   13.3094695  ***********   32.5008132   0.2918E+03   0.3486E+04   0.3194E+04   0.3000E-01   0.1064E+04   0.2025E+04
   1.37099997   0.19846804   1.17253193  ***********   13.3761703  ***********   32.5380795   0.2922E+03   0.3497E+04   0.3205E+04   0.3000E-01   0.1070E+04   0.2041E+04
   1.37599997   0.19919951   1.17680046  ***********   13.4429557  ***********   32.5752484   0.2925E+03   0.3509E+04   0.3216E+04   0.3000E-01   0.1075E+04   0.2056E+04
   1.38099997   0.19993096   1.18106901  ***********   13.5098253  ***********   32.6123206   0.2928E+03   0.3520E+04   0.3227E+04   0.3000E-01   0.1081E+04   0.2071E+04
   1.38599997   0.20066238   1.18533759  ***********   13.5767790  ***********   32.6492969   0.2932E+03   0.3531E+04   0.3238E+04   0.3000E-01   0.1086E+04   0.2087E+04
   1.39099997   0.20139378   1.18960619  ***********   13.6438167  ***********   32.6861780   0.2935E+03   0.3542E+04   0.3248E+04   0.3000E-01   0.1092E+04   0.2102E+04
   1.39599997   0.20212515   1.19387481  ***********   13.7109382  ***********   32.7229646   0.2938E+03   0.3553E+04   0.3259E+04   0.3000E-01   0.1097E+04   0.2118E+04
   1.40099997   0.20285651   1.19814346  ***********   13.7781433  ***********   32.7596574   0.2942E+03   0.3564E+04   0.3270E+04   0.3000E-01   0.1103E+04   0.2133E+04
   1.40599997   0.20358784   1.20241213  ***********   13.8454319  ***********   32.7962571   0.2945E+03   0.3575E+04   0.3281E+04   0.3000E-01   0.1108E+04   0.2149E+04
   1.41099997   0.20431915   1.20668082  ***********   13.9128038  ***********   32.8327644   0.2948E+03   0.3586E+04   0.3292E+04   0.3000E-01   0.1113E+04   0.2165E+04
   1.41599997   0.20505044   1.21094953  ***********   13.9802588  ***********   32.8691800   0.2952E+03   0.3598E+04   0.3302E+04   0.3000E-01   0.1119E+04   0.2180E+04
   1.42099997   0.20578171   1.21521826  ***********   14.0477968  ***********   32.9055045   0.2955E+03   0.3609E+04   0.3313E+04   0.3000E-01   0.1124E+04   0.2196E+04
   1.42599997   0.20651296   1.21948701  ***********   14.1154176  ***********   32.9417387   0.2958E+03   0.3620E+04   0.3324E+04   0.3000E-01   0.1130E+04   0.2212E+04
   1.43099997   0.20724419   1.22375578  ***********   14.1831210  ***********   32.9778831   0.2961E+03   0.3631E+04   0.3335E+04   0.3000E-01   0.1135E+04   0.2228E+04
   1.43599997   0.20797540   1.22802456  ***********   14.2509069  ***********   33.0139383   0.2965E+03   0.3642E+04   0.3346E+04   0.3000E-01   0.1141E+04   0.2244E+04
   1.44099997   0.20870660   1.23229337  ***********   14.3187751  ***********   33.0499051   0.2968E+03   0.3653E+04   0.3356E+04   0.3000E-01   0.1146E+04   0.2260E+04
   1.44599997   0.20943777   1.23656219  ***********   14.3867254  ***********   33.0857841   0.2971E+03   0.3664E+04   0.3367E+04   0.3000E-01   0.1151E+04   0.2276E+04
   1.45099997   0.21016893   1.24083103  ***********   14.4547577  ***********   33.1215758   0.2974E+03   0.3675E+04   0.3378E+04   0.3000E-01   0.1157E+04   0.2292E+04
   1.45599997   0.21090008   1.24509989  ***********   14.5228719  ***********   33.1572809   0.2978E+03   0.3687E+04   0.3389E+04   0.3000E-01   0.1162E+04   0.2308E+04
   1.46099997   0.21163120   1.24936877  ***********   14.5910677  ***********   33.1929000   0.2981E+03   0.3698E+04   0.3400E+04   0.3000E-01   0.1168E+04   0.2324E+04
   1.46599997   0.21236231   1.25363766  ***********   14.6593450  ***********   33.2284337   0.2984E+03   0.3709E+04   0.3410E+04   0.3000E-01   0.1173E+04   0.2341E+04
   1.47099997   0.21309341   1.25790656  ***********   14.7277036  ***********   33.2638825   0.2987E+03   0.3720E+04   0.3421E+04   0.3000E-01   0.1179E+04   0.2357E+04
   1.47599997   0.21382448   1.26217548  ***********   14.7961435  ***********   33.2992471   0.2991E+03   0.3731E+04   0.3432E+04   0.3000E-01   0.1184E+04   0.2373E+04
   1.48099997   0.21455555   1.26644442  ***********   14.8646643  ***********   33.3345281   0.2994E+03   0.3742E+04   0.3443E+04   0.3000E-01   0.1190E+04   0.2390E+04
   1.48599997   0.21528660   1.27071337  ***********   14.9332661  ***********   33.3697259   0.2997E+03   0.3753E+04   0.3454E+04   0.3000E-01   0.1195E+04   0.2406E+04
   1.49099997   0.21601763   1.27498233  ***********   15.0019485  ***********   33.4048411   0.3000E+03   0.3764E+04   0.3464E+04   0.3000E-01   0.1200E+04   0.2423E+04
   1.49599997   0.21674866   1.27925131  ***********   15.0707115  ***********   33.4398744   0.3003E+03   0.3775E+04   0.3475E+04   0.3000E-01   0.1206E+04   0.2439E+04
