0.85058235278  0.14941764722  0.0997446400345  0.0496730072201
0.85058235154  0.14941764846  0.09974464061  0.0496730078845
0.850582355874  0.149417644126  0.0997446385985  0.0496730055623
0.850582338503  0.149417661497  0.0997446466611  0.0496730148706
0.850583025645  0.149416974355  0.0997443277278  0.0496726466621
0.850583815229  0.149416184771  0.0997439612461  0.0496722235595
0.850583869007  0.149416130993  0.0997439362854  0.0496721947424
0.850584312434  0.149415687566  0.0997437304705  0.0496719571297
0.85058573234  0.14941426766  0.0997430714271  0.049671196267
0.850586638199  0.149413361801  0.0997426509763  0.0496707108594
0.850587826913  0.149412173087  0.0997420992386  0.0496700738829
0.850588875457  0.149411124543  0.09974161256  0.0496695120177
0.850589824903  0.149410175097  0.0997411718771  0.0496690032547
0.850591396301  0.149408603699  0.0997404425156  0.0496681612176
0.850592795864  0.149407204136  0.0997397929108  0.0496674112602
0.850594513236  0.149405486764  0.0997389957936  0.0496664910046
0.85059644426  0.14940355574  0.099738099509  0.0496654562653
0.850597773491  0.149402226509  0.0997374825458  0.0496647439977
0.850600051404  0.149399948596  0.0997364252498  0.0496635233812
0.850602193473  0.149397806527  0.0997354310037  0.0496623755579
0.850604281219  0.149395718781  0.0997344619702  0.0496612568454
0.85060626677  0.14939373323  0.099733540369  0.0496601928953
0.850608638009  0.149391361991  0.0997324397474  0.0496589222779
0.850611673766  0.149388326234  0.0997310306836  0.0496572955852
0.850614160623  0.149385839377  0.0997298763918  0.0496559630196
0.850616678136  0.149383321864  0.0997287078685  0.0496546140299
0.850619531317  0.149380468683  0.0997273835392  0.0496530851781
0.85062260037  0.14937739963  0.0997259590076  0.0496514406571
0.850625883967  0.149374116033  0.0997244348889  0.0496496811787
0.850628500162  0.149371499838  0.0997232205496  0.0496482793236
0.850631795639  0.149368204361  0.0997216909088  0.0496465134869
0.85063566968  0.14936433032  0.0997198927146  0.0496444376406
0.850638853304  0.149361146696  0.0997184149829  0.0496427317478
0.850642315393  0.149357684607  0.099716807993  0.0496408766492
0.850646065259  0.149353934741  0.0997150674205  0.0496388673552
0.850650200376  0.149349799624  0.0997131480202  0.0496366516387
0.850654249914  0.149345750086  0.0997112683363  0.0496344817841
0.85065801075  0.14934198925  0.0997095226543  0.0496324666301
0.850662281133  0.149337718867  0.0997075404473  0.0496301784545
0.850666588314  0.149333411686  0.0997055411523  0.0496278705689
0.850671352074  0.149328647926  0.0997033299149  0.0496253180463
0.850675347481  0.149324652519  0.0997014753237  0.0496231772299
0.850679885338  0.149320114662  0.0996993689306  0.0496207457667
0.850685119661  0.149314880339  0.0996969392396  0.0496179411344
0.850689836595  0.149310163405  0.0996947497035  0.0496154137369
0.850694392211  0.149305607789  0.0996926350404  0.0496129727837
0.850699701485  0.149300298515  0.0996901705278  0.0496101280221
0.850705270492  0.149294729508  0.0996875854379  0.0496071441051
0.850710146276  0.149289853724  0.0996853221269  0.0496045316326
0.850715303565  0.149284696435  0.0996829281321  0.0496017683379
0.850721042753  0.149278957247  0.09968026401  0.0495986932723
0.850726988587  0.149273011413  0.099677503949  0.0495955074988
0.850732805088  0.149267194912  0.0996748039115  0.049592391036
0.850738491225  0.149261508775  0.0996721643758  0.049589344434
0.850744446786  0.149255553214  0.0996693997591  0.0495861534906
0.850750375135  0.149249624865  0.0996666477598  0.0495829771404
0.850756784176  0.149243215824  0.0996636726031  0.0495795432562
0.850763046558  0.149236953442  0.0996607655118  0.049576187966
0.85076908042  0.14923091958  0.0996579644877  0.0495729551274
0.850775606824  0.149224393176  0.0996549348015  0.0495694584103
0.850782188657  0.149217811343  0.0996518793663  0.0495659320118
0.850789320277  0.149210679723  0.099648568689  0.04956211107
0.85079628555  0.14920371445  0.0996453352142  0.0495583792714
0.850803194426  0.149196805574  0.0996421279017  0.0495546777078
0.850810022457  0.149189977543  0.0996389581014  0.0495510194772
0.85081742591  0.14918257409  0.0996355211503  0.0495470529756
0.850824885578  0.149175114422  0.0996320580801  0.0495430563779
0.850832085836  0.149167914164  0.099628715417  0.0495391987824
0.850839798217  0.149160201783  0.0996251349828  0.0495350668364
0.850847403954  0.149152596046  0.0996216040339  0.0495309920479
0.850854685286  0.149145314714  0.0996182236682  0.0495270910816
0.85086313002  0.14913686998  0.0996143031656  0.0495225668499
0.850870785382  0.149129214618  0.0996107491082  0.0495184655459
0.850878833758  0.149121166242  0.0996070125661  0.0495141537123
0.850887014961  0.149112985039  0.0996032143312  0.049509770744
0.850895285441  0.149104714559  0.0995993746215  0.0495053399738
0.850904018033  0.149095981967  0.0995953203393  0.0495006616643
0.850912602873  0.149087397127  0.099591334624  0.0494960625388
0.850921043719  0.149078956281  0.0995874157337  0.0494915405839
0.850929859358  0.149070140642  0.0995833228053  0.0494868178734
0.850938939427  0.149061060573  0.0995791070746  0.0494819535342
0.850947832522  0.149052167478  0.0995749781222  0.0494771893925
0.850956640529  0.149043359471  0.0995708886436  0.0494724708634
0.850965897078  0.149034102922  0.0995665908787  0.0494675120803
0.850975217516  0.149024782484  0.0995622634155  0.0494625191047
0.850984537961  0.149015462039  0.0995579359152  0.0494575261603
0.850994318595  0.149005681405  0.0995533947112  0.0494522867302
0.851003972133  0.148996027867  0.0995489124815  0.0494471154217
0.851013825346  0.148986174654  0.0995443375033  0.0494418371876
0.851024031302  0.148975968698  0.099539598701  0.0494363700338
0.851034101681  0.148965898319  0.099534922809  0.0494309755464
0.851043999421  0.148956000579  0.0995303270384  0.0494256735777
0.851054134235  0.148945865765  0.0995256211481  0.0494202446542
0.851064592206  0.148935407794  0.0995207651639  0.0494146426674
0.851074881614  0.148925118386  0.0995159874068  0.0494091310161
0.851085453229  0.148914546771  0.0995110785673  0.049403468241
0.85109626199  0.14890373801  0.0995060595653  0.049397678482
0.851106901745  0.148893098255  0.0995011189953  0.0493919792967
0.851117889174  0.148882110826  0.0994960169363  0.0493860939271
0.851129022195  0.148870977805  0.0994908472224  0.0493801306202
0.851140009882  0.148859990118  0.0994857449475  0.0493742452081
0.851151364142  0.148848635858  0.0994804723995  0.0493681634958
0.851162835891  0.148837164109  0.0994751452421  0.0493620189047
0.851174160616  0.148825839384  0.0994698863071  0.049355953114
0.851185709132  0.148814290868  0.0994645233972  0.0493497675083
0.85119781961  0.14880218039  0.099458899466  0.0493432809611
0.851209736582  0.148790263418  0.0994533653401  0.0493368981153
0.851221228164  0.148778771836  0.0994480287082  0.0493307431659
0.851233324295  0.148766675705  0.0994424112702  0.0493242644727
0.851245459601  0.148754540399  0.0994367755812  0.0493177648552
0.85125819368  0.14874180632  0.0994308617574  0.0493109446004
0.851270768596  0.148729231404  0.0994250217876  0.0493042096545
0.851283296282  0.148716703718  0.0994192036899  0.0492975000662
0.851295724876  0.148704275124  0.0994134315512  0.0492908436107
0.851308170557  0.148691829443  0.099407651416  0.0492841780651
0.851321256376  0.148678743624  0.0994015739162  0.0492771697458
0.851334241331  0.148665758669  0.0993955431944  0.0492702155127
0.851347122229  0.148652877771  0.0993895607352  0.0492633170742
0.851360727704  0.148639272296  0.0993832416789  0.049256030655
0.85137348394  0.14862651606  0.0993773169856  0.049249199113
0.851387370952  0.148612629048  0.0993708670246  0.0492417620616
0.851400984313  0.148599015687  0.0993645440903  0.0492344716356
0.851414713435  0.148585286565  0.0993581673146  0.0492271192889
0.851428272392  0.148571727608  0.0993518695031  0.0492198581441
0.851441922075  0.148558077925  0.0993455294777  0.0492125484857
0.851456408273  0.148543591727  0.0993388008267  0.0492047909388
0.851470137867  0.148529862133  0.0993324235322  0.0491974386395
0.851484574084  0.148515425916  0.0993257179368  0.0491897080187
0.851498895545  0.148501104455  0.0993190655634  0.0491820389303
0.851513068149  0.148486931851  0.0993124822556  0.0491744496342
0.851527783212  0.148472216788  0.0993056468867  0.0491665699401
0.851542642882  0.148457357118  0.0992987442595  0.049158612898
0.851557270317  0.148442729683  0.0992919494252  0.0491507802975
0.851572156294  0.148427843706  0.0992850344043  0.0491428093408
0.851587496933  0.148412503067  0.0992779080874  0.0491345950192
0.851602667394  0.148397332606  0.0992708607335  0.0491264719124
0.851617759968  0.148382240032  0.0992638494716  0.0491183906004
0.85163339548  0.14836660452  0.0992565858927  0.0491100186666
0.851649128396  0.148350871604  0.0992492769674  0.049101594676
0.851664585898  0.148335414102  0.0992420958944  0.0490933182474
0.851680401677  0.148319598323  0.0992347482796  0.0490848500831
0.85169643959  0.14830356041  0.0992272973667  0.0490762630835
0.851711781698  0.148288218302  0.0992201696168  0.0490680487255
0.85172835375  0.14827164625  0.0992124703463  0.049059175944
0.851744480306  0.148255519694  0.0992049779468  0.0490505417874
0.851760451903  0.148239548097  0.0991975574403  0.0490419906968
0.851777227373  0.148222772627  0.0991897633414  0.0490330093258
0.851794175296  0.148205824704  0.0991818890063  0.0490239357381
0.851810434801  0.148189565199  0.0991743344173  0.0490152308219
0.851827065338  0.148172934662  0.0991666073297  0.0490063273726
0.851844409773  0.148155590227  0.0991585484261  0.0489970418413
0.851861517631  0.148138482369  0.0991505993296  0.0489878830798
0.851878162256  0.148121837744  0.0991428653622  0.0489789724228
0.851895402476  0.148104597524  0.099134854535  0.0489697430299
0.851913114823  0.148086885177  0.0991266242078  0.0489602610096
0.851930853099  0.148069146901  0.0991183817091  0.0489507652327
0.851948404105  0.148051595895  0.0991102261079  0.0489413698278
0.851966054574  0.148033945426  0.0991020241665  0.048931921301
0.851984173793  0.148015826207  0.0990936042754  0.0489222219729
0.852002261145  0.147997738855  0.0990851990641  0.0489125398321
0.852020149683  0.147979850317  0.0990768861155  0.0489029642426
0.852038234326  0.147961765674  0.0990684819078  0.0488932838077
0.852056733879  0.147943266121  0.0990598847521  0.0488833814104
0.852075122197  0.147924877803  0.0990513391566  0.0488735386881
0.852093366359  0.147906633641  0.0990428604233  0.048863773259
0.852111799148  0.147888200852  0.0990342938959  0.0488539069981
0.852130709284  0.147869290716  0.0990255053853  0.0488437853726
0.852150012458  0.147849987542  0.0990165340651  0.0488334535188
0.852169252964  0.147830747036  0.0990075917249  0.0488231553531
0.852188441494  0.147811558506  0.0989986733969  0.0488128851515
0.852207509279  0.147792490721  0.0989898110448  0.0488026797188
0.852226453755  0.147773546245  0.0989810058631  0.0487925404245
0.852246392926  0.147753607074  0.0989717382058  0.0487818689101
0.852266294322  0.147733705678  0.0989624879512  0.0487712177691
0.852285695843  0.147714304157  0.098953469891  0.0487608343085
0.852305633158  0.147694366842  0.0989442026335  0.0487501642511
0.852325474765  0.147674525235  0.0989349797084  0.0487395455697
0.852345478195  0.147654521805  0.098925681407  0.0487288404412
0.85236584307  0.14763415693  0.0989162149319  0.048717942041
0.852386033384  0.147613966616  0.09890682944  0.0487071372189
0.852406573298  0.147593426702  0.0988972812723  0.048696145473
0.852427296483  0.147572703517  0.0988876477414  0.0486850558185
0.852447896051  0.147552103949  0.0988780715095  0.0486740324825
0.852468915858  0.147531084142  0.0988682997476  0.048662784438
0.852489963155  0.147510036845  0.0988585150322  0.048651521856
0.852511002773  0.147488997227  0.0988487337136  0.048640263557
0.852532468812  0.147467531188  0.0988387539728  0.0486287772584
0.852553932806  0.147446067194  0.0988287750026  0.0486172922348
0.852575212173  0.147424787827  0.0988188816904  0.0486059061801
0.852596484199  0.147403515801  0.098808991614  0.0485945242306
0.852618074051  0.147381925949  0.0987989535885  0.0485829724042
0.85264008177  0.14735991823  0.0987887210915  0.0485711971827
0.852662322062  0.147337677938  0.0987783802665  0.0485592977152
0.852684455558  0.147315544442  0.0987680889053  0.0485474555804
0.852706420236  0.147293579764  0.0987578758495  0.0485357039581
0.852728513751  0.147271486249  0.0987476026975  0.048523883596
0.852750972831  0.147249027169  0.0987371593668  0.0485118678461
0.852773355642  0.147226644358  0.0987267513049  0.0484998930975
0.85279578206  0.14720421794  0.0987163227688  0.0484878952155
0.852818589418  0.147181410582  0.0987057168896  0.0484756937367
0.85284175641  0.14715824359  0.0986949435651  0.0484633000691
0.852865015348  0.147134984652  0.0986841272721  0.0484508574245
0.85288814185  0.14711185815  0.0986733723571  0.0484384858377
0.852911159671  0.147088840329  0.0986626677762  0.0484261725977
0.852934330947  0.147065669053  0.0986518916208  0.048413777477
0.852957875583  0.147042124417  0.098640941614  0.0484011828483
0.852981775878  0.147018224122  0.0986298259772  0.0483883981896
0.853005637084  0.146994362916  0.0986187282976  0.048375634663
0.853029441165  0.146970558835  0.0986076569652  0.0483629019152
0.85305362574  0.14694637426  0.0985964084372  0.0483499658684
0.853077927735  0.146922072265  0.0985851050654  0.0483369672449
0.853102027027  0.146897972973  0.0985738957476  0.0483240772711
0.853125947079  0.146874052921  0.0985627695752  0.0483112833913
0.853150400017  0.146849599983  0.0985513953055  0.0482982047231
0.853175473622  0.146824526378  0.0985397320905  0.0482847943334
0.85320036301  0.14679963699  0.0985281543229  0.048271482713
0.853225066522  0.146774933478  0.09851666278  0.0482582707442
0.853249848998  0.146750151002  0.0985051342652  0.0482450167829
0.853274911662  0.146725088338  0.0984934751664  0.0482316132174
0.853300301196  0.146699698804  0.0984816637587  0.0482180350915
0.853325917188  0.146674082812  0.0984697467458  0.0482043361122
0.853351519473  0.146648480527  0.0984578358538  0.0481906447192
0.853376910596  0.146623089404  0.0984460229479  0.0481770665025
0.8534022297  0.1465977703  0.0984342432974  0.0481635270494
0.853428205447  0.146571794553  0.098422157885  0.0481496367143
0.853454643455  0.146545356545  0.0984098571323  0.0481354994592
0.853480894944  0.146519105056  0.0983976428912  0.0481214622118
0.853506979206  0.146493020794  0.0983855061908  0.0481075146503
0.853533100802  0.146466899198  0.0983733518533  0.0480935473918
0.853559486921  0.146440513079  0.0983610741634  0.0480794389626
0.853586220493  0.146413779507  0.0983486345236  0.0480651450299
0.853613147177  0.146386852823  0.0983361047438  0.0480507481261
0.853639920585  0.146360079415  0.0983236460073  0.0480364334544
0.853666817092  0.146333182908  0.0983111297067  0.0480220532482
0.853694051884  0.146305948116  0.0982984556978  0.0480074924656
0.853721080938  0.146278919062  0.0982858771451  0.0479930419639
0.853748235293  0.146251764707  0.0982732399942  0.0479785247597
0.853776196509  0.146223803491  0.0982602270447  0.0479635764939
0.853803955256  0.146196044744  0.0982473080208  0.0479487367702
0.853831235828  0.146168764172  0.0982346112492  0.04793415297
0.853859198257  0.146140801743  0.0982215968303  0.0479192049598
0.853887554279  0.146112445721  0.0982083989126  0.0479040468561
0.853915657129  0.146084342871  0.0981953185211  0.047889024398
0.853943950041  0.146056049959  0.0981821493546  0.0478739006521
0.853972499695  0.146027500305  0.0981688603698  0.0478586399834
0.854000923228  0.145999076772  0.0981556297744  0.047843447045
0.854029381512  0.145970618488  0.0981423826888  0.0478282358476
0.854058130377  0.145941869623  0.0981290000192  0.0478128696517
0.854087188315  0.145912811685  0.0981154731488  0.0477973385847
0.854116362438  0.145883637562  0.0981018918617  0.0477817457489
0.854145404387  0.145854595613  0.0980883717757  0.0477662238859
0.854174512949  0.145825487051  0.0980748203495  0.0477506667502
0.85420391586  0.14579608414  0.0980611315545  0.0477349526335
0.854233625482  0.145766374518  0.0980472996261  0.0477190749403
0.854263435487  0.145736564513  0.0980334206167  0.0477031439445
0.854293091676  0.145706908324  0.0980196128784  0.0476872954942
0.854322833553  0.145677166447  0.0980057649003  0.0476714015952
0.854352878877  0.145647121123  0.0979917752863  0.0476553458855
0.854383119879  0.145616880121  0.0979776942064  0.0476391859633
0.854413566907  0.145586433093  0.0979635168357  0.0476229163064
0.85444429975  0.14555570025  0.097949206012  0.0476064942872
0.85447505319  0.14552494681  0.0979348852294  0.0475900616298
0.854505667841  0.145494332159  0.0979206287104  0.0475737034977
0.854536508385  0.145463491615  0.0979062666297  0.0475572250339
0.854567549073  0.145432450927  0.0978918109711  0.0475406400049
0.854598372162  0.145401627838  0.0978774562776  0.0475241716098
0.854629377438  0.145370622562  0.0978630163646  0.0475076062469
0.854661056904  0.145338943096  0.0978482620785  0.0474906810666
0.85469282412  0.14530717588  0.0978334665326  0.0474737093969
0.854724380229  0.145275619771  0.0978187689207  0.0474568508993
0.854756194158  0.145243805842  0.0978039508347  0.0474398550566
0.854788190972  0.145211809028  0.097789047169  0.0474227619087
0.854819969485  0.145180030515  0.0977742447906  0.0474057857737
0.854851956538  0.145148043462  0.0977593448784  0.0473886986328
0.854884563764  0.145115436236  0.097744155674  0.0473712806117
0.854917326176  0.145082673824  0.0977288937637  0.0473537801094
0.854949871482  0.145050128518  0.0977137325768  0.0473363959909
0.854982183832  0.145017816168  0.0976986795049  0.047319136713
0.855014651971  0.144985348029  0.0976835534482  0.0473017946306
0.855047767545  0.144952232455  0.0976681253464  0.0472841071577
0.855081046376  0.144918953624  0.0976526207567  0.0472663329166
0.855114045321  0.144885954679  0.0976372461411  0.0472487085877
0.855147462415  0.144852537585  0.0976216762735  0.0472308613612
0.855181445003  0.144818554997  0.0976058424834  0.0472127125635
0.855215041302  0.144784958698  0.0975901882392  0.0471947705086
0.855248302757  0.144751697243  0.0975746895845  0.0471770077086
0.855282104752  0.144717895248  0.0975589386173  0.0471589566808
0.855316431635  0.144683568365  0.09754294261  0.0471406258048
0.855350882459  0.144649117541  0.0975268883876  0.0471222292031
0.855385276692  0.144614723308  0.0975108600773  0.0471038632803
0.855419592988  0.144580407012  0.0974948676298  0.0470855394323
0.855454037942  0.144545962058  0.0974788147636  0.047067147344
0.85548871961  0.14451128039  0.0974626511136  0.0470486293265
0.855523576701  0.144476423299  0.0974464052356  0.0470300181128
0.855558589761  0.144441410239  0.0974300861909  0.0470113240977
0.855593783624  0.144406216376  0.0974136823972  0.0469925340282
0.855629195424  0.144370804576  0.0973971765387  0.0469736280868
0.855664822788  0.144335177212  0.0973805697124  0.0469546075491
0.855700456681  0.144299543319  0.0973639593507  0.0469355840186
0.855735961463  0.144264038537  0.0973474086826  0.0469166299047
0.855771565356  0.144228434644  0.0973308113224  0.0468976233712
0.855807423053  0.144192576947  0.097314095151  0.0468784818462
0.855843458058  0.144156541942  0.0972972958193  0.0468592461726
0.855879635808  0.144120364192  0.0972804294345  0.0468399348076
0.855915991268  0.144084008732  0.0972634796881  0.0468205290931
0.855952520678  0.144047479322  0.097246448327  0.0468010310448
0.855989198621  0.144010801379  0.0972293471936  0.046781454235
0.856026081521  0.143973918479  0.0972121499731  0.0467617685556
0.856063209969  0.143936790031  0.0971948377294  0.0467419523508
0.856100324996  0.143899675004  0.09717753121  0.0467221438431
0.856137251332  0.143862748668  0.0971603121468  0.046702436571
0.856174448624  0.143825551376  0.0971429661998  0.0466825852254
0.856212194045  0.143787805955  0.0971253641001  0.046662441904
0.856250006381  0.143749993619  0.0971077302424  0.0466422634263
0.856287625329  0.143712374671  0.0970901860216  0.0466221886987
0.85632534164  0.14367465836  0.0970725958437  0.0466020625651
0.856363307838  0.143636692162  0.0970548885671  0.0465818036438
0.85640144599  0.14359855401  0.09703710053  0.046561453529
0.856439726394  0.143560273606  0.0970192455789  0.0465410280767
0.8564781735  0.1435218265  0.0970013123022  0.0465205142469
0.856516783566  0.143483216434  0.0969833024386  0.0464999140441
0.856555536173  0.143444463827  0.0969652255059  0.0464792383696
0.856594445173  0.143405554827  0.096947075036  0.04645847984
0.856633535241  0.143366464759  0.0969288395101  0.0464376252973
0.856672785137  0.143327214863  0.0969105288301  0.0464166860821
0.856712172664  0.143287827336  0.0968921533433  0.0463956740415
0.856751760522  0.143248239478  0.096873683791  0.0463745557353
0.856791566168  0.143208433832  0.0968551120197  0.0463533218609
0.856831336333  0.143168663667  0.09683655619  0.0463321075253
0.856870927282  0.143129072718  0.0968180833709  0.0463109893957
0.856910719658  0.143089280342  0.0967995159564  0.0462897644341
0.856951010192  0.143048989808  0.0967807154738  0.0462682743824
0.856991646674  0.143008353326  0.0967617529279  0.0462466004458
0.857032387445  0.142967612555  0.0967427410759  0.0462248715266
0.857072950142  0.142927049858  0.0967238116856  0.0462032382203
0.857113347984  0.142886652016  0.0967049585956  0.0461816934681
0.857154110313  0.142845889687  0.0966859347651  0.0461599549692
0.857195388709  0.142804611291  0.0966666694309  0.0461379419071
0.857236620492  0.142763379508  0.0966474251945  0.0461159543611
0.857277660251  0.142722339749  0.0966282699288  0.0460940698675
0.857319074375  0.142680925625  0.0966089392686  0.0460719864036
0.857360976058  0.142639023942  0.0965893803581  0.0460496436312
0.857402807654  0.142597192346  0.0965698534854  0.0460273389076
0.857444455539  0.142555544461  0.0965504116962  0.0460051328113
0.857486395337  0.142513604663  0.0965308329606  0.0459827717491
0.857528811177  0.142471188823  0.0965110313026  0.0459601575671
0.857571513937  0.142428486063  0.096491094994  0.045937391115
0.857614263751  0.142385736249  0.0964711360114  0.0459146002832
0.857656805664  0.142343194336  0.0964512733919  0.0458919209897
0.857699309455  0.142300690545  0.0964314278722  0.0458692627181
0.857742348552  0.142257651448  0.0964113317  0.0458463197934
0.857785754952  0.142214245048  0.0963910632978  0.0458231817953
0.857828676095  0.142171323905  0.0963710207673  0.0458003031824
0.85787181255  0.14212818745  0.0963508769767  0.0457773105182
0.8579153426  0.1420846574  0.0963305486559  0.045754108789
0.857959179256  0.142040820744  0.0963100764107  0.0457307443778
0.858003429437  0.141996570563  0.0962894102905  0.0457071603168
0.858047538168  0.141952461832  0.0962688094775  0.0456836523982
0.858091677569  0.141908322431  0.0962481935872  0.045660128888
0.858135623928  0.141864376072  0.0962276671102  0.045636709005
0.858179941703  0.141820058297  0.096206966396  0.0456130919444
0.85822477984  0.14177522016  0.0961860218487  0.0455891983548
0.85826932429  0.14173067571  0.0961652137164  0.0455654620368
0.858314238817  0.141685761183  0.0961442319319  0.045541529294
0.858359657049  0.141640342951  0.0961230140483  0.0455173289452
0.85840494098  0.14159505902  0.0961018581111  0.0454932009513
0.858450087055  0.141549912945  0.096080765788  0.0454691471992
0.858495484649  0.141504515351  0.0960595551593  0.0454449602333
0.858541461128  0.141458538872  0.0960380732514  0.0454204656616
0.858587294869  0.141412705131  0.0960166572221  0.04539604795
0.858633031175  0.141366968825  0.0959952859091  0.0453716829568
0.858678933689  0.141321066311  0.0959738361175  0.0453472302338
0.858725471015  0.141274528985  0.0959520888519  0.0453224401728
0.858771860144  0.141228139856  0.0959304100058  0.0452977298895
0.858818295699  0.141181704301  0.0959087086298  0.0452729957111
0.858865417096  0.141134582904  0.0958866858756  0.0452478970673
0.858912392984  0.141087607016  0.0958647302717  0.0452228767831
0.85895934117  0.14104065883  0.0958427867613  0.0451978721068
0.859006282274  0.140993717726  0.0958208457081  0.0451728720558
0.859053904603  0.140946095397  0.0957985853672  0.0451475100675
0.859101484164  0.140898515836  0.0957763441407  0.0451221717329
0.859148991963  0.140851008037  0.095754135585  0.0450968724893
0.859196410153  0.140803589847  0.0957319680474  0.0450716218365
0.859244508  0.140755492  0.0957094818873  0.0450460101491
0.859292562788  0.140707437212  0.0956870149629  0.0450204222848
0.859341353005  0.140658646995  0.0956642032908  0.0449944437399
0.85938954416  0.14061045584  0.0956416708025  0.0449687850728
0.859437882462  0.140562117538  0.0956190686099  0.044943048963
0.859487248535  0.140512751465  0.0955959849144  0.044916766585
0.859536125437  0.140463874563  0.0955731290264  0.0448907455702
0.859585045532  0.140414954468  0.0955502520142  0.0448647024875
0.859634314152  0.140365685848  0.0955272110802  0.0448384748005
0.859683925251  0.140316074749  0.0955040090328  0.0448120657485
0.859733660441  0.140266339559  0.0954807479937  0.0447855915975
0.85978280103  0.14021719897  0.0954577641066  0.0447594348946
0.859832949863  0.140167050137  0.0954343076821  0.0447327424853
0.859883404787  0.140116595213  0.0954107071047  0.0447058881384
0.859933147376  0.140066852624  0.0953874387602  0.0446794138931
0.859983603518  0.140016396482  0.0953638356541  0.0446525608569
0.860033981559  0.139966018441  0.0953402680991  0.044625750371
0.860085072697  0.139914927303  0.0953163659424  0.044598561389
0.86013610296  0.13986389704  0.0952924912552  0.0445714058122
0.860187047134  0.139812952866  0.0952686558383  0.0445442970543
0.860237918673  0.139762081327  0.0952448534018  0.0445172279513
0.860289368585  0.139710631415  0.0952207793283  0.0444898521123
0.860340988605  0.139659011395  0.095196624628  0.0444623867922
0.860392430762  0.139607569238  0.0951725521277  0.0444350171347
0.860444283008  0.139555716992  0.0951482866872  0.0444074303288
0.860496532699  0.139503467301  0.0951238341988  0.0443796331257
0.860548602497  0.139451397503  0.095099464846  0.04435193268
0.860600845271  0.139399154729  0.0950750134815  0.0443241412697
0.860653665565  0.139346334435  0.0950502907426  0.0442960437141
0.860706325323  0.139293674677  0.0950256420658  0.0442680326317
0.860759035519  0.139240964481  0.0950009687037  0.0442399957973
0.860812446241  0.139187553759  0.0949759663298  0.0442115874482
0.860864947626  0.139135052374  0.0949513885522  0.0441836638401
0.860918832511  0.139081167489  0.0949261619968  0.0441550055094
0.86097218569  0.13902781431  0.0949011832538  0.0441266310733
0.861025786098  0.138974213902  0.0948760876512  0.0440981262664
0.861079679882  0.138920320118  0.0948508535673  0.0440694665656
0.861133757239  0.138866242761  0.0948255323985  0.0440407103771
0.861188181046  0.138811818954  0.0948000478621  0.0440117711059
0.86124247067  0.13875752933  0.0947746250128  0.0439829043304
0.86129673238  0.13870326762  0.0947492140915  0.0439540535406
0.861350999998  0.138649000002  0.0947237992599  0.0439252007531
0.861405906472  0.138594093528  0.0946980840728  0.0438960094659
0.861461536388  0.138538463612  0.09467202887  0.0438664347515
0.861516346675  0.138483653325  0.0946463563782  0.0438372969556
0.861571689443  0.138428310557  0.0946204332934  0.0438078772709
0.861627107429  0.138372892571  0.0945944737828  0.0437784187948
0.861682870462  0.138317129538  0.0945683514358  0.0437487781079
0.861739078184  0.138260921816  0.0945420195486  0.0437189022716
0.861795023613  0.138204976387  0.0945158093189  0.0436891670722
0.861851168646  0.138148831354  0.0944895043502  0.0436593270064
0.861907876062  0.138092123938  0.0944629346496  0.0436291892904
0.861964477079  0.138035522921  0.094436413552  0.0435991093692
0.862021026783  0.137978973217  0.0944099152523  0.0435690579645
0.862078175336  0.137921824664  0.0943831350751  0.043538689587
0.862135432396  0.137864567604  0.094356302775  0.0435082648264
0.862192453226  0.137807546774  0.0943295799088  0.0434779668612
0.862249947226  0.137750052774  0.0943026340077  0.0434474187611
0.862307860659  0.137692139341  0.0942754902263  0.0434166491082
0.862365505608  0.137634494392  0.0942484709833  0.0433860234015
0.862423275271  0.137576724729  0.0942213919836  0.0433553327369
0.862481674179  0.137518325821  0.0941940167074  0.0433243091043
0.862539991525  0.137460008475  0.0941666783355  0.0432933301283
0.862598218598  0.137401781402  0.0941393809582  0.0432624004321
0.862657008055  0.137342991945  0.0941118185861  0.0432311733454
0.862715978062  0.137284021938  0.09408417021  0.0431998517128
0.86277470307  0.13722529693  0.0940566353527  0.0431686615609
0.862833781651  0.137166218349  0.094028933353  0.0431372849791
0.862893280963  0.137106719037  0.0940010326922  0.0431056863257
0.862952787125  0.137047212875  0.0939731274352  0.04307408542
0.863012946406  0.136987053594  0.0939449144912  0.0430421390812
0.863072989522  0.136927010478  0.0939167546136  0.0430102558417
0.863132919912  0.136867080088  0.0938886461966  0.0429784338672
0.86319337732  0.13680662268  0.0938602891742  0.0429463334803
0.863254094153  0.136745905847  0.09383180903  0.0429140967897
0.863314614426  0.136685385574  0.0938034196483  0.0428819658968
0.863375340966  0.136624659034  0.0937749320665  0.0428497269366
0.86343659823  0.13656340177  0.0937461940515  0.0428172076862
0.863497767654  0.136502232346  0.0937174957774  0.0427847365346
0.863558843096  0.136441156904  0.0936888401321  0.0427523167361
0.863620512567  0.136379487433  0.0936599042936  0.0427195831026
0.86368221849  0.13631778151  0.0936309498576  0.0426868316136
0.863744315749  0.136255684251  0.0936018102857  0.0426538739251
0.8638067692  0.1361932308  0.0935725020413  0.0426207287165
0.863868995951  0.136131004049  0.0935432986598  0.042587705345
0.863931331686  0.136068668314  0.0935140426068  0.0425546256614
0.86399433827  0.13600566173  0.0934844701524  0.0425211915296
0.864057237917  0.135942762083  0.0934549463336  0.0424878156999
0.864120000315  0.135879999685  0.0934254853864  0.0424545142471
0.864183298237  0.135816701763  0.0933957714933  0.0424209302165
0.864246727636  0.135753272364  0.0933659943  0.0423872780085
0.864310361332  0.135689638668  0.0933361196081  0.042353519002
0.864374544334  0.135625455666  0.0933059854147  0.0423194701918
0.864438567506  0.135561432494  0.0932759246464  0.0422855077861
0.864502506948  0.135497493052  0.0932459015809  0.0422515914072
0.864567064847  0.135432935153  0.0932155864824  0.0422173486046
0.864631735663  0.135368264337  0.0931852167143  0.042183047555
0.864696251175  0.135303748825  0.0931549182349  0.0421488305195
0.864760971817  0.135239028183  0.0931245217719  0.0421145063384
0.864826410537  0.135173589463  0.0930937863797  0.0420798030085
0.864892234801  0.135107765199  0.0930628682003  0.0420448969216
0.864957312776  0.135042687224  0.0930322988779  0.0420103882661
0.865022925168  0.134977074832  0.0930014768301  0.0419755979198
0.865089188137  0.134910811863  0.0929703474429  0.0419404643362
0.8651556444  0.1348443556  0.0929391255069  0.0419052300063
0.865221788959  0.134778211041  0.0929080482809  0.0418701626711
0.865287821727  0.134712178273  0.0928770218533  0.0418351563279
0.865354594007  0.134645405993  0.0928456462021  0.0417997596963
0.865421934638  0.134578065362  0.0928140017014  0.0417640635635
0.865489247611  0.134510752389  0.0927823684033  0.0417283838858
0.86555638254  0.13444361746  0.0927508169882  0.0416928003695
0.865623906502  0.134376093498  0.092719080937  0.0416570124561
0.865691876663  0.134308123337  0.0926871333472  0.0416209898815
0.865759671465  0.134240328535  0.0926552663543  0.0415850620694
0.865827404269  0.134172595731  0.0926234266816  0.0415491689356
0.865895768856  0.134104231144  0.0925912881737  0.0415129428537
0.865964110561  0.134035889439  0.0925591585659  0.0414767307534
0.866032830787  0.133967169213  0.0925268491304  0.0414403199598
0.866101893228  0.133898106772  0.0924943769064  0.04140372974
0.86617094503  0.13382905497  0.0924619077861  0.0413671470551
0.866240570779  0.133759429221  0.0924291668646  0.0413302622243
0.866310228188  0.133689771812  0.0923964091214  0.0412933625546
0.866379624416  0.133620375584  0.0923637722799  0.0412566031652
0.866449503722  0.133550496278  0.0923309063062  0.0412195898295
0.866519704065  0.133480295935  0.0922978873776  0.0411824084115
0.866589924211  0.133410075789  0.0922648571655  0.0411452184749
0.866660696533  0.133339303467  0.0922315652255  0.0411077380889
0.866731354784  0.133268645216  0.0921983249475  0.0410703201127
0.866802539487  0.133197460513  0.0921648349861  0.0410326253668
0.866873979806  0.133126020194  0.0921312227265  0.0409947973038
0.866945169196  0.133054830804  0.0920977264938  0.0409571041434
0.867016510236  0.132983489764  0.0920641568678  0.0409193327252
0.867088482209  0.132911517791  0.092030288287  0.0408812293292
0.867160277071  0.132839722929  0.0919965009796  0.0408432217702
0.867232610107  0.132767389893  0.0919624583101  0.0408049314006
0.867305082951  0.132694917049  0.0919283477329  0.0407665691297
0.867377712292  0.132622287708  0.091894161379  0.0407281261378
0.867450894735  0.132549105265  0.0918597125361  0.0406893925336
0.867523960234  0.132476039766  0.0918253165911  0.0406507229751
0.867596922843  0.132403077157  0.091790966937  0.0406121100166
0.8676703992  0.1323296008  0.0917563732501  0.0405732273422
0.86774398567  0.13225601433  0.0917217255387  0.0405342885792
0.867817746667  0.132182253333  0.0916869934596  0.0404952596562
0.867892092125  0.132107907875  0.0916519839513  0.040455923702
0.867966254045  0.132033745955  0.091617058647  0.0404166870812
0.868040971075  0.131959028925  0.0915818696753  0.0403771590182
0.86811589063  0.13188410937  0.091546583055  0.0403375260789
0.868190582152  0.131809417848  0.091511401576  0.0402980160315
0.868265388657  0.131734611343  0.0914761636729  0.0402584474244
0.868340853729  0.131659146271  0.0914406132519  0.0402185327679
0.868416818063  0.131583181937  0.091404825305  0.0401783563757
0.868492902832  0.131507097168  0.0913689782734  0.0401381186336
0.868568795823  0.131431204177  0.0913332192564  0.0400979846545
0.868644911402  0.131355088598  0.0912973530113  0.0400577353144
0.868721534702  0.131278465298  0.0912612451467  0.0400172198736
0.868798035603  0.131201964397  0.0912251925798  0.039976771534
0.868875123204  0.131124876796  0.0911888611106  0.0399360153971
0.868952271657  0.131047728343  0.0911524985395  0.0398952295093
0.869029632318  0.130970367682  0.0911160335135  0.0398543338686
0.86910749782  0.13089250218  0.0910793280604  0.0398131738138
0.869185243624  0.130814756376  0.0910426765653  0.0397720794988
0.86926315683  0.13073684317  0.0910059436778  0.0397308991742
0.869341688396  0.130658311604  0.0909689167502  0.0396893945295
0.86942013957  0.13057986043  0.0909319252097  0.0396479348895
0.869498791746  0.130501208254  0.0908948363646  0.0396063715526
0.869577911293  0.130422088707  0.0908575245718  0.0395645637913
0.869656918904  0.130343081096  0.0908202630063  0.0395228177393
0.86973646543  0.13026353457  0.0907827446904  0.0394807895229
0.869816051121  0.130183948879  0.0907452053013  0.0394387432143
0.869895943986  0.130104056014  0.0907075184038  0.0393965372399
0.869976255369  0.130023744631  0.0906696314366  0.039354112817
0.870056467221  0.129943532779  0.0906317887715  0.039311743623
0.870137290791  0.129862709209  0.0905936548243  0.0392690539923
0.870218061234  0.129781938766  0.0905555432504  0.039226395116
0.870299075365  0.129700924635  0.0905173139849  0.0391836102429
0.870380640982  0.129619359018  0.0904788217403  0.0391405368625
0.870462066286  0.129537933714  0.0904403929657  0.0390975403258
0.87054334769  0.12945665231  0.090402029365  0.0390546225143
0.870625042308  0.129374957692  0.090363467973  0.0390114892805
0.87070743931  0.12929256069  0.0903245722362  0.0389679880069
0.87079011173  0.12920988827  0.0902855436527  0.0389243441624
0.870872645955  0.129127354045  0.0902465774734  0.038880776108
0.870955840983  0.129044159017  0.0902072964448  0.0388368620996
0.871039022717  0.128960977283  0.0901680188099  0.0387929579925
0.871122396889  0.128877603111  0.0901286474107  0.0387489552102
0.871206347067  0.128793652933  0.0900890010746  0.0387046513594
0.871290176513  0.128709823487  0.090049408816  0.0386604141625
0.871373909399  0.128626090601  0.0900098592275  0.0386162308559
0.871457986925  0.128542013075  0.0899701439008  0.0385718686473
0.871542706653  0.128457293347  0.0899301222223  0.0385271705874
0.871627791161  0.128372208839  0.0898899251907  0.0384822831014
0.871712764774  0.128287235226  0.0898497775148  0.0384374571535
0.871798297941  0.128201702059  0.0898093623998  0.0383923390915
0.871883924094  0.128116075906  0.0897689002642  0.0383471750638
0.87196968846  0.12803031154  0.0897283697204  0.0383019412304
0.87205598423  0.12794401577  0.0896875849153  0.0382564302548
0.872142135646  0.127857864354  0.0896468651989  0.0382109985447
0.872228869122  0.127771130878  0.0896058672018  0.0381652630539
0.872315753955  0.127684246045  0.0895647944701  0.038119450941
0.872402645869  0.127597354131  0.0895237151947  0.0380736382908
0.872490122007  0.127509877993  0.0894823564877  0.0380275208478
0.872577532073  0.127422467927  0.0894410257774  0.0379814414805
0.872665414778  0.127334585222  0.0893994683151  0.0379351162259
0.87275352805  0.12724647195  0.0893577985273  0.0378886727287
0.872841642444  0.127158357556  0.0893161249053  0.0378422319434
0.872930351148  0.127069648852  0.089274166865  0.0377954812671
0.873018981776  0.126981018224  0.089232242403  0.0377487750884
0.873107924854  0.126892075146  0.089190166774  0.0377019076257
0.873197524436  0.126802475564  0.0891477771603  0.0376546976432
0.873287468337  0.126712531663  0.0891052211968  0.0376073096924
0.873377411943  0.126622588057  0.0890626619093  0.0375599253593
0.873467444622  0.126532555378  0.089020057003  0.0375124975723
0.873557755124  0.126442244876  0.0889773171326  0.0374649269253
0.873648450538  0.126351549462  0.0889343915751  0.0374171570546
0.87373921345  0.12626078655  0.0888914305282  0.0373693551744
0.873830235636  0.126169764364  0.0888483431938  0.0373214203072
0.873921756564  0.126078243436  0.0888050161644  0.0372732263921
0.874013167271  0.125986832729  0.0887617377026  0.0372250941312
0.874104911351  0.125895088649  0.0887182977693  0.0371767899682
0.874197294044  0.125802705956  0.0886745517734  0.037128153255
0.874290011374  0.125709988626  0.0886306435921  0.0370793440888
0.874382680737  0.125617319263  0.0885867543933  0.0370305639071
0.874475889166  0.125524110834  0.088542606117  0.0369815037375
0.874569222147  0.125430777853  0.0884983950513  0.036932381804
0.874662613267  0.125337386733  0.0884541526396  0.0368832330776
0.874756569649  0.125243430351  0.0884096385973  0.0368337907196
0.874850499569  0.125149500431  0.0883651332288  0.0367843661498
0.8749447208  0.1250552792  0.0883204859459  0.0367347921819
0.875039543367  0.124960456633  0.0882755497815  0.0366849057605
0.875134783886  0.124865216114  0.0882304115703  0.0366348034327
0.875230064338  0.124769935662  0.0881852504362  0.0365846840947
0.875325152917  0.124674847083  0.0881401762547  0.0365346696773
0.875420489431  0.124579510569  0.0880949805367  0.0364845288603
0.875516516194  0.124483483806  0.0880494535319  0.0364340290812
0.875612960257  0.124387039743  0.0880037245703  0.0363833139579
0.875709402601  0.124290597399  0.0879579922979  0.0363326038649
0.875806075486  0.124193924514  0.0879121465574  0.0362817766984
0.875903348222  0.124096651778  0.0878660121491  0.0362306383483
0.876001150612  0.123998849388  0.0878196222863  0.036179225798
0.876099014301  0.123900985699  0.0877731990755  0.0361277852963
0.876196561407  0.123803438593  0.0877269217815  0.0360765154605
0.876294610791  0.123705389209  0.0876804019106  0.0360249859239
0.87639378243  0.12360621757  0.0876333451983  0.0359728709725
0.876492176299  0.123507823701  0.0875866531732  0.0359211691041
0.876591161233  0.123408838767  0.0875396762715  0.0358691610469
0.876691053581  0.123308946419  0.0874922642511  0.0358166806931
0.876790727838  0.123209272162  0.0874449512594  0.0357643194021
0.876890333668  0.123109666332  0.0873976662668  0.0357119985383
0.876990361894  0.123009638106  0.0873501762389  0.0356594603137
0.877091017795  0.122908982205  0.0873023836377  0.0356065969862
0.877192040784  0.122807959216  0.0872544121189  0.0355535454889
0.87729302814  0.12270697186  0.087206452887  0.0355005173364
0.877394383367  0.122605616633  0.0871583142876  0.0354473006805
0.877496351002  0.122503648998  0.0871098801027  0.0353937672013
0.877598652915  0.122401347085  0.0870612823699  0.0353400629913
0.877700909353  0.122299090647  0.0870127014612  0.0352863874329
0.877803683024  0.122196316976  0.0869638699988  0.0352324451939
0.877906817486  0.122093182514  0.0869148622426  0.0351783184566
0.878009923506  0.121990076494  0.0868658631166  0.0351242115312
0.878113060051  0.121886939949  0.086816844588  0.0350700934839
0.878216655276  0.121783344724  0.0867676031181  0.0350157396957
0.878320908218  0.121679091782  0.0867180440103  0.0349610458285
0.878425491649  0.121574508351  0.0866683227383  0.0349061836362
0.878529965312  0.121470034688  0.0866186485833  0.0348513840939
0.878634871366  0.121365128634  0.0865687637312  0.0347963628574
0.878740470004  0.121259529996  0.086518544362  0.0347409835529
0.878846386837  0.121153613163  0.0864681684382  0.0346854426075
0.878952175542  0.121047824458  0.0864178482138  0.0346299740892
0.879058606957  0.120941393043  0.0863672169779  0.0345741738721
0.879165482894  0.120834517106  0.0863163689194  0.0345181459547
0.879272406318  0.120727593682  0.0862654928867  0.034462098524
0.879379517626  0.120620482374  0.0862145220477  0.0344059580149
0.879486679395  0.120513320605  0.0861635217683  0.0343497964843
0.879594349604  0.120405650396  0.0861122740343  0.0342933739673
0.879702619505  0.120297380495  0.0860607353162  0.034236642741
0.879810935955  0.120189064045  0.0860091688609  0.0341798927023
0.879919923974  0.120080076026  0.0859572770465  0.0341227964527
0.880029326136  0.119970673864  0.0859051823431  0.034065488947
0.880138705682  0.119861294318  0.0858530926836  0.0340081990134
0.880248320236  0.119751679764  0.0858008853514  0.0339507917437
0.880358557657  0.119641442343  0.0857483755367  0.0338930640879
0.880469219865  0.119530780135  0.0856956574966  0.0338351198687
0.880580009085  0.119419990915  0.0856428730318  0.0337771150621
0.880690899364  0.119309100636  0.0855900344761  0.0337190632852
0.88080188568  0.11919811432  0.0855371441955  0.033660967196
0.880913310153  0.119086689847  0.0854840390971  0.0336026477651
0.881025571296  0.118974428704  0.0854305291337  0.0335438965279
0.88113848467  0.11886151533  0.0853767020853  0.0334848101442
0.881250956815  0.118749043185  0.0853230791851  0.033425960839
0.881363607166  0.118636392834  0.0852693651175  0.0333670244941
0.881477188019  0.118522811981  0.0852152010672  0.0333076076282
0.881591342543  0.118408657457  0.0851607570601  0.033247897047
0.881705015836  0.118294984164  0.0851065361919  0.0331884445556
0.881819018362  0.118180981638  0.0850521518815  0.0331288262732
0.881934039503  0.118065960497  0.0849972751344  0.0330686818091
0.882049514964  0.117950485036  0.0849421750387  0.0330083063726
0.882164514467  0.117835485533  0.084887295471  0.0329481863643
0.882280626491  0.117719373509  0.0848318783125  0.0328874914245
0.882396833027  0.117603166973  0.0847764093084  0.0328267538159
0.882512819276  0.117487180724  0.0847210387154  0.0327661380824
0.882629700298  0.117370299702  0.0846652341382  0.0327050615575
0.882746640045  0.117253359955  0.0846093946443  0.0326439612235
0.882864293062  0.117135706938  0.0845532075965  0.0325824951704
0.882982493002  0.117017506998  0.084496752306  0.0325207504356
0.883100701588  0.116899298412  0.0844402857989  0.0324590082705
0.883219227022  0.116780772978  0.0843836608031  0.0323971077449
0.88333773932  0.11666226068  0.0843270349195  0.0323352212402
0.883456927093  0.116543072907  0.0842700790474  0.0322729892481
0.883576691277  0.116423308723  0.0842128403918  0.032210463627
0.883696513182  0.116303486818  0.0841555667711  0.0321479152486
0.883817374483  0.116182625517  0.0840977888332  0.0320848317892
0.883937692043  0.116062307957  0.0840402633328  0.0320220396318
0.884058642332  0.115941357668  0.0839824277555  0.0319589248212
0.884180774899  0.115819225101  0.0839240191284  0.0318952007807
0.884302178612  0.115697821388  0.0838659513665  0.0318318647279
0.884424472648  0.115575527352  0.0838074499766  0.0317680719778
0.884547178578  0.115452821422  0.0837487436782  0.0317040722413
0.884669857605  0.115330142395  0.0836900423465  0.0316400944393
0.884792975328  0.115207024672  0.0836311231346  0.0315758958212
0.884916807666  0.115083192334  0.0835718538642  0.0315113326442
0.885040892286  0.114959107714  0.0835124557034  0.031446646074
0.885165016977  0.114834983023  0.0834530301858  0.0313819467893
0.885289678025  0.114710321975  0.0833933396316  0.0313169761819
0.885415061605  0.114584938395  0.0833332947488  0.0312516373695
0.885540542713  0.114459457287  0.0832731947414  0.0311862561534
0.885666837424  0.114333162576  0.0832126965253  0.0311204595408
0.885793066531  0.114206933469  0.0831522211639  0.0310547056769
0.885919236076  0.114080763924  0.0830917657524  0.0309889914241
0.88604632744  0.11395367256  0.083030859941  0.0309228057501
0.886174191938  0.113825808062  0.0829695747862  0.0308562262845
0.886302280667  0.113697719333  0.0829081732491  0.0307895389697
0.88643058692  0.11356941308  0.0828466584743  0.030722747367
0.886558994524  0.113441005476  0.0827850861  0.0306559120114
0.88668774788  0.11331225212  0.082723338857  0.0305889057719
0.8868174718  0.1131825282  0.0826611169271  0.0305214036524
0.886947400061  0.113052599939  0.0825987876705  0.0304538045158
0.887077332863  0.112922667137  0.0825364468815  0.0303862123692
0.887208222066  0.112791777934  0.0824736377277  0.030318132183
0.887339332474  0.112660667526  0.0824107128423  0.0302499465191
0.887470129317  0.112529870683  0.0823479288598  0.030181933515
0.887602711665  0.112397288335  0.0822842780066  0.0301130018718
0.887734862489  0.112265137511  0.0822208244609  0.0300443044402
0.887867376308  0.112132623692  0.0821571867006  0.029975428223
0.888000646918  0.111999353082  0.0820931754516  0.0299061686989
0.888134020485  0.111865979515  0.0820291046241  0.0298368657896
0.888267698539  0.111732301461  0.081964877326  0.0297674148592
0.888402280639  0.111597719361  0.0819002053164  0.0296975045854
0.888537184177  0.111462815823  0.0818353683859  0.0296274377891
0.888672168235  0.111327831765  0.0817704822401  0.0295573396801
0.888807701991  0.111192298009  0.0817053212385  0.0294869667209
0.888943950505  0.111056049495  0.081639805839  0.0294162333921
0.889080459393  0.110919540607  0.0815741543816  0.0293453757398
0.889217235592  0.110782764408  0.0815083634292  0.0292743902613
0.889354014448  0.110645985552  0.0814425602146  0.0292034143788
0.889491642804  0.110508357196  0.0813763371883  0.0291320087971
0.889629844457  0.110370155543  0.0813098270413  0.0290603170286
0.889768262645  0.110231737355  0.0812432013315  0.0289885242764
0.88990763465  0.11009236535  0.0811761049959  0.0289162483207
0.890047211579  0.109952788421  0.0811088983823  0.0288438777062
0.890186914446  0.109813085554  0.0810416194427  0.0287714534676
0.890327427925  0.109672572075  0.0809739382904  0.0286986208153
0.890468581468  0.109531418532  0.08090593685  0.0286254683735
0.890609787678  0.109390212322  0.0808378979738  0.0285523006864
0.890751242373  0.109248757627  0.0807697272298  0.028479016367
0.89089342924  0.10910657076  0.0807011913492  0.0284053649958
0.891035845176  0.108964154824  0.0806325326628  0.0283316073475
0.891178716453  0.108821283547  0.0805636419421  0.0282576263768
0.891322414122  0.108677585878  0.0804943400497  0.0281832301718
0.891466351515  0.108533648485  0.0804249097256  0.0281087226623
0.89161040803  0.10838959197  0.0803554090425  0.0280341663802
0.891755550153  0.108244449847  0.0802853714974  0.0279590613388
0.891901123596  0.108098876404  0.0802151125521  0.0278837463674
0.892046904467  0.107953095533  0.0801447401224  0.0278083374454
0.89219289563  0.10780710437  0.0800742527123  0.0277328332059
0.892339382179  0.107660617821  0.080003512518  0.0276570863572
0.892486839341  0.107513160659  0.0799322897851  0.0275808514274
0.892634601759  0.107365398241  0.0798609056482  0.0275044726431
0.89278245624  0.10721754376  0.0797894629859  0.0274280603189
0.892931264156  0.107068735844  0.0797175453789  0.0273511695002
0.893080590769  0.106919409231  0.0796453626618  0.0272740250944
0.893229998663  0.106770001337  0.0795731261297  0.0271968532251
0.893380079477  0.106619920523  0.0795005495632  0.0271193484711
0.893531046177  0.106468953823  0.0794275296852  0.0270414011445
0.893682141123  0.106317858877  0.0793544327408  0.0269634026439
0.893833568162  0.106166431838  0.0792811599817  0.0268852478707
0.893986120705  0.106013879295  0.0792073272094  0.0268065276121
0.894138089272  0.105861910728  0.0791337616375  0.0267281241409
0.894291471068  0.105708528932  0.0790594962603  0.0266490072522
0.894445093324  0.105554906676  0.0789850985992  0.0265697822007
0.894598889786  0.105401110214  0.0789106006107  0.0264904832833
0.894753768278  0.105246231722  0.0788355622895  0.0264106426805
0.894908582869  0.105091417131  0.0787605386119  0.026330851353
0.895063861356  0.104936138644  0.0786852736756  0.0262508374044
0.895220188075  0.104779811925  0.0786094839399  0.0261703000406
0.89537664059  0.10462335941  0.0785336163598  0.0260897147458
0.895534208885  0.104465791115  0.0784571905856  0.0260085718809
0.895691707172  0.104308292828  0.0783807814991  0.0259274823472
0.895849479697  0.104150520303  0.078304221965  0.0258462690264
0.896008737932  0.103991262068  0.0782269237266  0.025764308695
0.896168293575  0.103831706425  0.0781494631472  0.0256822132858
0.896327753894  0.103672246106  0.0780720307591  0.0256001849934
0.89648837042  0.10351162958  0.0779940185514  0.0255175802857
0.896649142442  0.103350857558  0.077915912251  0.025434914143
0.896810299052  0.103189700948  0.0778376003673  0.0253520689551
0.896972432235  0.103027567765  0.0777587948949  0.0252687407329
0.897135041815  0.102864958185  0.0776797385892  0.025185186892
0.897298001097  0.102701998903  0.0776004927957  0.0251014727724
0.897461180882  0.102538819118  0.0775211201378  0.025017664942
0.897625357854  0.102374642146  0.0774412425042  0.0249333648194
0.897790227199  0.102209772801  0.0773610077819  0.0248487293208
0.897955212835  0.102044787165  0.0772806960713  0.0247640544247
0.898121043972  0.101878956028  0.0771999521212  0.0246789661579
0.898287704564  0.101712295436  0.0771187833229  0.024593473167
0.898454470325  0.101545529675  0.0770375421392  0.0245079472697
0.898621928548  0.101378071452  0.0769559422051  0.0244220875268
0.898790364942  0.101209635058  0.0768738438652  0.0243357478709
0.898959170719  0.101040829281  0.0767915434771  0.0242492407273
0.899128237979  0.100871762021  0.0767090934109  0.0241626216196
0.899298503514  0.100701496486  0.0766260364123  0.0240754109889
0.899468034393  0.100531965607  0.0765433151749  0.0239885990873
0.899639694199  0.100360305801  0.0764595320393  0.0239007199423
0.899811465007  0.100188534993  0.0763756713352  0.0238128071648
0.89998303701  0.10001696299  0.0762918842123  0.0237250194181
0.900155641385  0.0998443586147  0.0762075691232  0.0236367270729
0.900329497365  0.0996705026351  0.0761226183669  0.0235478186192
0.90050351834  0.0994964816599  0.0760375624575  0.0234588501995
0.900678095451  0.0993219045486  0.0759522099281  0.0233696221606
0.900853047124  0.099146952876  0.0758666492162  0.0232802276719
0.901029259054  0.098970740946  0.0757804466771  0.0231902146932
0.901205694185  0.098794305815  0.0756941091732  0.0231001134689
0.901382681066  0.0986173189337  0.0756074756183  0.0230097565591
0.901560010323  0.0984399896766  0.0755206481588  0.0229192512271
0.901738596691  0.0982614033086  0.0754331784012  0.0228281311439
0.901917522191  0.0980824778094  0.0753455154564  0.0227368652285
0.902096883077  0.0979031169235  0.0752576118408  0.0226454047392
0.902277338125  0.0977226618754  0.0751691441919  0.0225534142845
0.90245849417  0.0975415058297  0.0750803046902  0.0224610948899
0.902639925788  0.0973600742121  0.0749913015846  0.0223686637726
0.902821604639  0.0971783953606  0.0749021484995  0.0222761356799
0.903004550655  0.0969954493451  0.0748123444213  0.0221829917184
0.903187977632  0.0968120223676  0.0747222747021  0.0220896327842
0.903372728899  0.0966272711007  0.0746315246377  0.0219956302848
0.903557073948  0.0964429260523  0.0745409438709  0.0219018651343
0.903742400225  0.0962575997745  0.0744498503538  0.0218076319617
0.903928708399  0.0960712916011  0.0743582431065  0.0217129311222
0.904115481474  0.0958845185258  0.0742663758044  0.0216180259743
0.904303183845  0.0956968161553  0.0741740195066  0.0215226811079
0.904491596211  0.0955084037894  0.0740812815193  0.0214270085515
0.904680223089  0.0953197769109  0.0739884052437  0.0213312603641
0.90486939728  0.0951306027205  0.0738952263463  0.0212352680412
0.905059772987  0.0949402270126  0.0738014218582  0.0211387003167
0.905251019606  0.0947489803939  0.0737071538482  0.0210417256829
0.905442497805  0.0945575021953  0.0736127368718  0.0209446688575
0.905634583953  0.0943654160468  0.07351798483  0.0208473395328
0.905827864913  0.094172135087  0.0734226074504  0.02074944109
0.906021887206  0.0939781127943  0.0733268276756  0.0206512040084
0.90621609359  0.0937839064103  0.0732309200346  0.0205529109369
0.906410944152  0.0935890558485  0.0731346567835  0.0204543294975
0.906606948195  0.0933930518051  0.0730377854878  0.0203552027879
0.906803881797  0.0931961182032  0.0729404159026  0.0202556449197
0.907001467544  0.0929985324565  0.072842684412  0.0201557968627
0.907199681692  0.0928003183078  0.0727446020643  0.0200556712583
0.907398532506  0.0926014674942  0.0726461640728  0.0199552645774
0.907598015334  0.0924019846657  0.0725473720331  0.01985457982
0.907798278376  0.0922017216236  0.0724481517923  0.0197535428895
0.9079996803  0.0920003197  0.0723483247207  0.0196519737009
0.908202087054  0.0917979129465  0.0722479562506  0.0195499408105
0.908404840425  0.0915951595753  0.0721473720046  0.0194477767313
0.908607913766  0.0913920862338  0.0720465846502  0.0193454953848
0.908811800061  0.0911881999391  0.0719453488043  0.0192428491225
0.909016841804  0.0909831581958  0.0718434934093  0.0191396664509
0.9092229102  0.0907770898  0.0717410813428  0.0190360132632
0.909429520705  0.0905704792949  0.0716383524858  0.0189321342385
0.909636840285  0.0903631597152  0.0715352229914  0.0188279462891
0.909845062827  0.0901549371728  0.0714315954458  0.0187233529705
0.910054074628  0.0899459253724  0.0713275254315  0.0186184124322
0.910263832651  0.0897361673487  0.0712230334142  0.0185131472723
0.910474440305  0.0895255596949  0.0711180668858  0.0184075066225
0.910685906241  0.0893140937594  0.071012620486  0.018301487222
0.910898160441  0.089101839559  0.0709067280895  0.0181951252443
0.911111185737  0.0888888142626  0.0708003972435  0.0180884303432
0.911325038451  0.0886749615488  0.0706935987899  0.0179813753882
0.911539967561  0.0884600324386  0.0705862072119  0.0178738369498
0.911755994209  0.0882440057911  0.0704782106484  0.0177658057818
0.911972559684  0.088027440316  0.0703698873093  0.0176575624221
0.912189688316  0.0878103116839  0.0702612241248  0.0175490956475
0.912408098991  0.0875919010093  0.0701518601131  0.0174400475868
0.912627511497  0.0873724885029  0.0700419341762  0.0173305595883
0.912847186481  0.0871528135186  0.0699318157297  0.0172210016335
0.913067513708  0.0869324862921  0.0698213085274  0.0171111802411
0.913289121937  0.0867108780625  0.0697100959015  0.0170007833543
0.913512264595  0.086487735405  0.0695980489687  0.0168896864725
0.913736361335  0.0862636386649  0.0694854575236  0.0167781801845
0.913960537889  0.0860394621112  0.069372759702  0.0166667006272
0.914185590052  0.0858144099483  0.0692595543131  0.0165548531832
0.914411918637  0.085588081363  0.0691456380561  0.0164424403299
0.914639197341  0.0853608026587  0.0690311734229  0.0163296258707
0.914867502021  0.0851324979792  0.068916120556  0.016216373797
0.915096919443  0.0849030805566  0.0688004339736  0.0161026428131
0.915326845228  0.084673154772  0.0686844169114  0.0159887340544
0.915557269787  0.0844427302133  0.0685680729566  0.0158746535105
0.915789043812  0.0842109561881  0.0684509709035  0.0157599816841
0.91602210993  0.0839778900701  0.0683331376364  0.0156447490544
0.916256038555  0.0837439614447  0.0682147884555  0.0155291698947
0.916490889548  0.0835091104522  0.0680958913504  0.0154132163444
0.916726745874  0.0832732541264  0.0679764024932  0.0152968492535
0.916963593147  0.0830364068534  0.0678563272852  0.0151800775945
0.917201386309  0.0827986136911  0.0677356866876  0.0150629254517
0.917440071227  0.0825599287729  0.0676145063102  0.0149454213358
0.917679615385  0.0823203846147  0.0674928008304  0.0148275830724
0.917920302217  0.0820796977833  0.0673704242465  0.014709273217
0.918162545191  0.0818374548093  0.0672471639057  0.0145902909398
0.918405746093  0.0815942539067  0.067123321779  0.0144709324727
0.918649499721  0.0813505002786  0.0669991021614  0.0143513987231
0.918894330427  0.0811056695732  0.0668742356649  0.0142314347299
0.919140316094  0.0808596839064  0.0667486799982  0.0141110049019
0.919387361831  0.0806126381692  0.0666224809949  0.0139901582987
0.91963566893  0.08036433107  0.0664955331172  0.0138687991683
0.919884836351  0.0801151636492  0.0663680387712  0.0137471261471
0.920134430928  0.0798655690722  0.0662402174741  0.0136253528855
0.920385563963  0.079614436037  0.0661114975077  0.0135029398018
0.92063834071  0.0793616592902  0.0659818214642  0.0133798390524
0.920891869576  0.0791081304239  0.0658516437499  0.0132564878257
0.92114656132  0.0788534386802  0.0657207507507  0.0131326889801
0.921402564812  0.0785974351876  0.0655890628169  0.013008373296
0.921659437479  0.0783405625207  0.0654568046265  0.012883758673
0.921917363243  0.0780826367571  0.0653238786395  0.0127587587311
0.922176546084  0.0778234539162  0.0651901765586  0.0126332777893
0.922436938815  0.0775630611852  0.0650557193832  0.0125073420385
0.922698425556  0.0773015744444  0.064920563675  0.0123810107997
0.922961238052  0.0770387619484  0.0647845861909  0.0122541755739
0.923225436209  0.0767745637909  0.0646477518667  0.0121268115232
0.923490366982  0.0765096330185  0.0645103951154  0.0119992372865
0.923756062863  0.0762439371371  0.0643724957181  0.0118714405946
0.924023018979  0.0759769810207  0.0642337928331  0.0117431871677
0.924291718721  0.0757082812794  0.0640940305368  0.011614249545
0.924561819217  0.075438180783  0.0639533821836  0.0114847972477
0.924832783742  0.0751672162577  0.0638121229529  0.0113550918289
0.925104643979  0.0748953560211  0.0636702323995  0.0112251220574
0.925378399016  0.0746216009836  0.0635271841278  0.0110944152453
0.925653186621  0.0743468133788  0.0633834235234  0.010963388247
0.925928769804  0.0740712301957  0.0632390703538  0.0108321582905
0.92620642856  0.0737935714404  0.0630934488343  0.0107001211738
0.926485486593  0.0735145134074  0.0629469076425  0.0105676045205
0.926765356862  0.0732346431384  0.0627997501905  0.0104348919673
0.927046203708  0.0729537962924  0.0626518855549  0.0103019101034
0.927328606448  0.0726713935519  0.0625030033592  0.0101683899962
0.927612159653  0.0723878403473  0.0623533115874  0.0100345290952
0.927896929207  0.072103070793  0.0622027693143  0.00990030241888
0.928183588802  0.071816411198  0.062051013055  0.00976539973144
0.928471294523  0.0715287054768  0.0618984822663  0.00963022545668
0.928760191735  0.0712398082649  0.0617450932249  0.00949471792062
0.929050587397  0.0709494126028  0.0615906756187  0.00935874044264
0.929342388878  0.0706576111219  0.0614352709505  0.00922234411563
0.92963581185  0.07036418815  0.0612787562749  0.00908543617686
0.929929883325  0.0700701166753  0.061121643305  0.00894847786324
0.930225283285  0.0697747167151  0.060963561689  0.00881115950659
0.930522992114  0.0694770078855  0.0608039773538  0.00867303475575
0.930821163059  0.0691788369407  0.0606438717851  0.00853496883986
0.931121302365  0.0688786976349  0.0604824280098  0.00839627244195
0.931422919518  0.0685770804822  0.060319900075  0.00825718198613
0.931725567889  0.0682744321113  0.0601565199882  0.00811791205144
0.932030308922  0.0679696910783  0.0599917049614  0.00797798392982
0.932335129584  0.0676648704162  0.0598265345679  0.00783833108856
0.932642517754  0.0673574822459  0.0596596493754  0.00769782513106
0.932951330264  0.0670486697364  0.0594916561076  0.00755700259337
0.933260751091  0.0667392489093  0.0593229876192  0.00741624673665
0.933572536773  0.0664274632271  0.0591526734651  0.00727477153631
0.933885674635  0.0661143253647  0.0589812522643  0.00713305115001
0.934200119898  0.0657998801023  0.0588087354611  0.00699111900786
0.934515660275  0.0654843397254  0.0586352266079  0.006849083942
0.934833105559  0.0651668944405  0.0584602660387  0.00670659591569
0.935151870478  0.064848129522  0.0582841611452  0.00656393292118
0.935471406709  0.0645285932913  0.0581072015367  0.00642135378074
0.935793563555  0.0642064364449  0.057928346727  0.00627804977356
0.936117459996  0.0638825400037  0.0577480670175  0.00613443174273
0.936442316322  0.0635576836776  0.0575667806061  0.00599086132056
0.936768290807  0.0632317091932  0.0573843839291  0.00584728389446
0.937095935213  0.0629040647866  0.0572005481668  0.00570347648228
0.937425134837  0.0625748651628  0.0570153148043  0.00555951220676
0.937755448594  0.0622445514065  0.0568289098091  0.00541560608018
0.93808745968  0.0619125403198  0.0566409808048  0.00527152717982
0.938421348273  0.061578651727  0.056451399823  0.00512722319242
0.938756490806  0.0612435091942  0.056260495294  0.00498298913347
0.939093618038  0.0609063819616  0.0560678241757  0.00483853717655
0.939431364349  0.0605686356509  0.0558741411641  0.00469447810813
0.939770646804  0.0602293531965  0.055678895106  0.00455044590064
0.940111451387  0.0598885486129  0.0554820652775  0.00440647516138
0.940453918949  0.0595460810507  0.0552835401783  0.00426253640647
0.94079772521  0.0592022747899  0.0550834772364  0.00411879634301
0.941142218092  0.0588577819084  0.0548822273606  0.00397555599507
0.941488457733  0.0585115422671  0.0546791337793  0.00383241195904
0.941836310944  0.0581636890559  0.0544742262473  0.00368946771681
0.942185075773  0.0578149242269  0.0542678709388  0.00354705909844
0.942535766211  0.0574642337892  0.0540594174117  0.00340482261438
0.942887837464  0.0571121625361  0.053849135008  0.00326303377304
0.94324047311  0.0567595268904  0.0536374606376  0.00312207215024
0.943594365628  0.0564056343718  0.053423926489  0.00298171314126
0.94395003228  0.0560499677195  0.0532081603903  0.00284181172252
0.944307052692  0.0556929473079  0.052990354187  0.00270259649259
0.944664187199  0.0553358128011  0.0527712070248  0.00256460804629
0.945022922278  0.0549770777221  0.0525497458459  0.00242733303517
0.945383451378  0.0546165486217  0.0523257779889  0.00229077074892
0.945744295672  0.0542557043279  0.0521001422556  0.0021555612683
0.946105842006  0.0538941579941  0.0518724973224  0.00202165905621
0.946467864568  0.0535321354318  0.0516428774946  0.00188925559833
0.946830994208  0.0531690057925  0.0514107663921  0.00175823640324
0.947194211403  0.0528057885975  0.0511766964913  0.00162908849476
0.947557087847  0.0524429121533  0.0509408302793  0.00150207766951
0.947920187762  0.0520798122379  0.0507026807083  0.00137712672773
0.948283885937  0.0517161140633  0.050461866724  0.00125424190953
0.948646520836  0.0513534791642  0.050219358444  0.00113411460879
0.949008712028  0.050991287972  0.0499746151034  0.00101666599358
0.949370378139  0.0506296218608  0.0497275528635  0.000902061248864
0.949730638099  0.0502693619009  0.0494786026508  0.000790750490986
0.950089713751  0.0499102862489  0.0492271951303  0.000683081174377
0.950447418043  0.0495525819571  0.0489729145297  0.000579656083064
0.950802614492  0.0491973855078  0.0487160023824  0.000481370127682
0.951153682678  0.0488463173215  0.0484570749447  0.000389227437529
0.951503316766  0.0484966832336  0.0481935152591  0.000303150743532
0.951850497668  0.0481495023321  0.0479253520395  0.00022413037214
0.952190634975  0.0478093650252  0.0476554759588  0.00015386604479
0.95252674936  0.0474732506405  0.0473808116736  9.24123540267e-05
0.952856809893  0.0471431901067  0.0471022257412  4.09336341399e-05
0.953181231839  0.0468187681609  0.0468185320099  2.00706798069e-07
0.953498551147  0.0465014488533  0.0465305817893  -2.91736866779e-05
0.953808330169  0.0461916698307  0.0462397958006  -4.81724949403e-05
0.954115202183  0.0458847978173  0.0459430485872  -5.8303481871e-05
0.954420713433  0.0455792865665  0.0456399945589  -6.07671928271e-05
0.954720872313  0.0452791276866  0.0453360156961  -5.69537549864e-05
0.955019885517  0.044980114483  0.0450284215809  -4.83793675256e-05
0.955316270225  0.0446837297753  0.0447203478523  -3.66966452494e-05
0.955616890829  0.044383109171  0.0444063216999  -2.32971318786e-05
0.955918034177  0.0440819658226  0.0440919740195  -1.00983032121e-05
0.9562241359  0.0437758641005  0.0437745431291  1.22601008115e-06
0.956533121036  0.0434668789642  0.0434575542281  9.22565136366e-06
0.956846686553  0.0431533134467  0.0431390933506  1.41172144186e-05
0.957167033453  0.0428329665471  0.0428165284214  1.63312738024e-05
0.957487934186  0.042512065814  0.0424956659975  1.62884004626e-05
0.957811193664  0.0421888063364  0.0421741817229  1.45075073892e-05
0.95814090813  0.0418590918698  0.0418475145545  1.1452756317e-05
0.958471107639  0.0415288923614  0.0415210564959  7.70163735054e-06
0.958800402038  0.0411995979617  0.0411956192365  3.83210576006e-06
0.959136334636  0.040863665364  0.0408631645804  3.38104763922e-07
0.95947139835  0.0405286016499  0.0405305940115  -2.17485323848e-06
0.959805007679  0.0401949923208  0.040198474518  -3.68704375367e-06
0.960140584329  0.0398594156715  0.0398635526671  -4.36526183717e-06
0.960480736189  0.0395192638107  0.0395233658507  -4.35319398468e-06
0.960823691744  0.0391763082559  0.039179837455  -3.80066458011e-06
0.96116590583  0.0388340941695  0.0388366938788  -2.88672955174e-06
0.961513646348  0.0384863536519  0.0384878323039  -1.77462140962e-06
0.961863991657  0.0381360083431  0.0381363756729  -6.63214779661e-07
0.962218225897  0.0377817741029  0.037781242251  2.47509247768e-07
0.962576180815  0.0374238191853  0.0374227241685  8.34450923873e-07
0.962937122794  0.0370628772064  0.0370615212633  1.12902134353e-06
0.963300051565  0.0366999484353  0.0366985792583  1.18284022793e-06
0.963661152351  0.0363388476493  0.0363376511003  1.05425467811e-06
0.964021698509  0.0359783014906  0.0359773996721  8.04058929917e-07
0.964384797357  0.0356152026425  0.0356146572171  4.89921107418e-07
0.964741317002  0.0352586829977  0.035258482527  1.80801017724e-07
0.965095784625  0.0349042153751  0.0349042906858  -6.79852987648e-08
0.965449177391  0.034550822609  0.0345510722104  -2.25326363781e-07
0.965805745657  0.0341942543431  0.0341945905746  -3.03540118994e-07
0.966164240906  0.0338357590942  0.0338361096572  -3.16490490484e-07
0.966531648945  0.0334683510551  0.0334686594812  -2.7846395911e-07
0.966913391252  0.033086608748  0.0330868335701  -2.02997811475e-07
0.967309881721  0.0326901182793  0.0326902373145  -1.07494258874e-07
0.96772236693  0.03227763307  0.0322776490883  -1.44712242721e-08
0.968154073647  0.0318459263528  0.0318458701971  5.07363963571e-08
0.968603708167  0.0313962918332  0.0313962017389  8.1443938905e-08
0.969062703061  0.0309372969389  0.0309372053124  8.28886679847e-08
0.969520694109  0.0304793058907  0.0304792352269  6.39900497327e-08
0.969971584566  0.0300284154338  0.0300283764926  3.53161157923e-08
0.970415140871  0.0295848591285  0.0295848514624  6.96138436152e-09
0.970852008597  0.0291479914026  0.0291480049206  -1.23837067082e-08
0.971287208817  0.0287127911827  0.0287128143882  -2.14045249821e-08
0.971716585332  0.0282834146682  0.0282834388575  -2.2535275958e-08
0.972133129051  0.027866870949  0.0278668904936  -1.84704261394e-08
0.972534873385  0.0274651266153  0.0274651388252  -1.1797776766e-08
0.972949040901  0.0270509590989  0.0270509632813  -4.24104350482e-09
0.973400425405  0.0265995745954  0.0265995724567  2.19021578082e-09
0.973882111279  0.0261178887214  0.0261178840758  5.54300115789e-09
0.974345336346  0.0256546636545  0.0256546594743  6.05276268956e-09
0.974764535614  0.0252354643861  0.0252354618428  4.93823884495e-09
0.975162304757  0.0248376952425  0.024837694287  3.10705225567e-09
0.975561382909  0.0244386170915  0.0244386167727  1.09791626821e-09
0.975963244624  0.0240367553761  0.0240367537288  -5.04150414269e-10
0.976360546264  0.023639453736  0.0236394485854  -1.36995473165e-09
0.976753087947  0.0232469120531  0.0232469021285  -1.64104445808e-09
0.97714371135  0.0228562886501  0.0228562735935  -1.48389498401e-09
0.977528086351  0.0224719136485  0.0224718940788  -1.06225272394e-09
0.977910441073  0.0220895589273  0.0220895363114  -5.29793220213e-10
0.978289391548  0.021710608452  0.0217105851579  -4.14861345972e-11
0.978658547859  0.0213414521408  0.021341431074  2.71145640099e-10
0.979024684684  0.0209753153157  0.0209752985361  4.16586911551e-10
0.979402562427  0.0205974375726  0.0205974260836  4.32484113496e-10
0.979784132424  0.0202158675758  0.0202158609144  3.5090675396e-10
0.980163741407  0.0198362585935  0.0198362547506  2.14929913772e-10
0.98052778542  0.0194722145797  0.0194722101689  7.39702954478e-11
0.980876896657  0.0191231033433  0.0191230940744  -3.34924206655e-11
0.981221330486  0.0187786695141  0.0187786501863  -9.43511237213e-11
0.981563141509  0.0184368584906  0.0184368230723  -1.17063447372e-10
0.981904232661  0.0180957673391  0.018095708855  -1.11069349449e-10
0.982242193958  0.0177578060422  0.0177577168387  -8.57895997763e-11
0.982575200104  0.0174247998964  0.017424671804  -5.09587768003e-11
0.98290435226  0.0170956477404  0.0170954718367  -1.57689143517e-11
0.983229369048  0.0167706309516  0.0167703978471  1.09944128858e-11
0.98355083693  0.01644916307  0.01644886595  2.59949577125e-11
0.983868132087  0.0161318679128  0.0161315061044  3.14325582954e-11
0.984181994555  0.0158180054446  0.0158175841268  2.97554622401e-11
0.984492676934  0.0155073230655  0.0155068532219  2.33000898204e-11
0.984798596661  0.0152014033393  0.0152009017957  1.43964205632e-11
0.985100323806  0.0148996761938  0.0148991649982  5.25018377093e-12
0.985400855442  0.0145991445582  0.0145986510893  -2.08964711921e-12
0.985698367736  0.0143016322645  0.0143011844668  -6.45185452573e-12
0.985990563506  0.0140094364937  0.0140090545978  -8.29171127304e-12
0.986278269037  0.0137217309632  0.0137214275428  -8.23334710815e-12
0.98656311795  0.0134368820501  0.0134366627824  -6.84671525924e-12
0.986845906095  0.0131540939054  0.0131539576014  -4.6691929259e-12
0.987124751243  0.0128752487571  0.0128751866988  -2.25183773974e-12
0.987398510115  0.012601489885  0.0126014864424  -1.26943048289e-13
0.987669974686  0.0123300253143  0.0123300603796  1.30878110164e-12
0.987939777978  0.0120602220223  0.0120602771431  2.0624330847e-12
0.988203836707  0.0117961632933  0.0117962236758  2.26777386831e-12
0.98846619328  0.0115338067196  0.0115338615205  2.06976086822e-12
0.98872468154  0.0112753184603  0.011275360514  1.60303986897e-12
0.988977805934  0.0110221940657  0.011022219936  1.00434377386e-12
0.98923074963  0.0107692503699  0.0107692597612  3.88583200603e-13
0.989478808084  0.010521191916  0.0105211882021  -1.09531134882e-13
0.989725370555  0.0102746294446  0.010274617498  -4.25004029105e-13
0.989967695007  0.0100323049926  0.0100322883292  -5.77967383699e-13
0.990206574928  0.00979342507162  0.00979340539707  -6.04308216944e-13
0.990444824074  0.00955517592604  0.00955515318634  -5.36275364214e-13
0.99067810585  0.00932189415017  0.00932186665664  -4.07338367666e-13
0.990910256722  0.00908974327845  0.0090897075968  -2.47468830042e-13
0.991139239253  0.00886076074727  0.00886071184471  -8.91095081956e-14
0.991363550498  0.00863644950169  0.00863638094741  3.66330009946e-14
0.991586285646  0.00841371435447  0.00841361948556  1.16129192872e-13
0.991806116144  0.00819388385649  0.00819375851605  1.55130465452e-13
0.992023376316  0.00797662368383  0.00797646623147  1.61992738382e-13
0.992236782034  0.00776321796578  0.00776302945876  1.44970056273e-13
0.99244663287  0.0075533671303  0.00755315099669  1.12221620272e-13
0.992655423968  0.00734457603208  0.00734433778758  7.10455365437e-14
0.992862177312  0.00713782268843  0.00713757042526  2.92162954811e-14
0.993065046406  0.00693495359354  0.00693469782199  -5.34883706412e-15
0.993266839258  0.00673316074156  0.00673291306704  -2.82012354165e-14
0.993464678575  0.00653532142547  0.0065350916597  -4.02152018696e-14
0.993659549933  0.00634045006697  0.00634024592589  -4.36323391811e-14
0.993852186622  0.00614781337769  0.00614764065003  -4.04805131101e-14
0.994041982104  0.0059580178955  0.00595788028634  -3.27455614866e-14
0.99423097658  0.0057690234197  0.00576892307015  -2.22714027667e-14
0.994416710082  0.00558328991849  0.00558322653834  -1.11277933013e-14
0.994599277498  0.00540072250151  0.0054006938866  -1.23841364408e-15
0.994780490137  0.00521950986259  0.00521951233645  5.83075936206e-15
0.994957641253  0.00504235874678  0.00504238709067  9.90778712059e-15
0.995132512345  0.00486748765461  0.00486753614557  1.15815911545e-14
0.995305556618  0.00469444338158  0.00469450549468  1.13521544394e-14
0.995474511418  0.00452548858156  0.00452555687092  9.73970282018e-15
0.995641828849  0.00435817115067  0.00435823751653  7.22809021691e-15
0.995807223951  0.00419277604876  0.00419283149929  4.30672683399e-15
0.995969719983  0.00403028001747  0.00403031482403  1.48476151099e-15
0.996130288263  0.00386971173706  0.00386971525903  -7.69169776184e-16
0.996287589574  0.00371241042589  0.00371237222669  -2.20759649027e-15
0.996442150887  0.0035578491133  0.00355775956747  -2.95091046159e-15
0.996592987199  0.00340701280123  0.00340686364712  -3.13297838276e-15
0.996741020336  0.00325897966391  0.00325876329201  -2.8898228057e-15
0.996886283561  0.00311371643905  0.0031134261328  -2.34850384569e-15
0.997028278551  0.00297172144926  0.00297135167166  -1.63637566312e-15
0.997167559431  0.00283244056909  0.00283198637409  -8.72925824489e-16
0.997303415309  0.00269658469125  0.00269604245131  -1.80521512107e-16
0.997438258473  0.00256174152685  0.00256110715571  3.42841671269e-16
0.997568885858  0.00243111414224  0.00243039022251  6.64348563698e-16
0.997695933789  0.00230406621149  0.00230326117661  8.21449985845e-16
0.997820466249  0.00217953375102  0.00217866146092  8.47546617531e-16
0.997939896424  0.00206010357591  0.00205918476459  7.74881801383e-16
0.998055844953  0.00194415504741  0.00194321459715  6.34481754103e-16
0.998167389162  0.00183261083811  0.00183167814984  4.5625177955e-16
0.998275127806  0.00172487219403  0.00172398036422  2.65930909015e-16
0.99837881012  0.00162118988032  0.00162037508896  8.80329265909e-17
0.998478929419  0.0015210705812  0.00152037184057  -5.68596493766e-17
0.998576975796  0.00142302420388  0.00142247691892  -1.61475608716e-16
0.99867476443  0.00132523557032  0.00132486370313  -2.30366243724e-16
0.99875615905  0.00124384094957  0.00124362273817  -2.62340125948e-16
0.998871352258  0.0011286477415  0.0011286381217  -2.71223111885e-16
0.999009884823  0.000990115176944  0.000990298893659  -2.31671020641e-16
0.999120567381  0.000879432618605  0.000879679871452  -1.67017626347e-16
0.999195011823  0.000804988177315  0.000805207371558  -1.10491840929e-16
0.999245571744  0.00075442825649  0.000754585507972  -6.75358839116e-17
0.999284068334  0.000715931666011  0.000716013858596  -3.29781455855e-17
0.999317754896  0.000682245104146  0.000682239025247  -1.80384620541e-18
0.999352048387  0.000647951612761  0.000647831410429  3.04775083952e-17
0.999390171868  0.000609828131891  0.000609548914676  6.65504512921e-17
0.999430823934  0.000569176065935  0.000568685274442  1.04596207716e-16
0.999471360729  0.000528639270882  0.000527888526699  1.41321580035e-16
0.999509862303  0.000490137696979  0.000489088609028  1.74252497195e-16
0.999545353164  0.000454646836363  0.000453272498093  2.02136537244e-16
0.999578408447  0.000421591553404  0.000419865517755  2.2524144192e-16
0.999609429475  0.000390570525434  0.000388466570098  2.43722191449e-16
0.999638935246  0.00036106475438  0.000358553407678  2.57754872289e-16
0.999666791239  0.000333208760788  0.000330265144954  2.67182178354e-16
0.999693308603  0.000306691397054  0.000303288598586  2.72070686129e-16
0.999718324534  0.000281675466097  0.000277792304454  2.72408930461e-16
0.999741884477  0.000258115522504  0.000253733700226  2.68335405956e-16
0.99976409126  0.000235908740366  0.000231011627891  2.60020421105e-16
0.99978475696  0.000215243040153  0.000209823008067  2.47841540378e-16
0.999804199114  0.000195800886488  0.000189847005013  2.31965163249e-16
0.999822461207  0.000177538793094  0.000171042981443  2.12668509002e-16
0.999839503213  0.000160496786978  0.000153456617092  1.90379503043e-16
0.99985542295  0.000144577049764  0.000136991649301  1.65404968008e-16
0.99987030887  0.000129691129934  0.000121561016088  1.380339487e-16
0.999884219728  0.000115780272036  0.000107108059746  1.08585828754e-16
0.999897081633  0.000102918366723  9.37141722555e-05  7.77059549847e-17
0.999908969909  9.10300911753e-05  8.13058148518e-05  4.57518804339e-17
0.999919834335  8.01656649276e-05  6.99404540581e-05  1.34307101178e-17
0.999929948873  7.00511269368e-05  5.93359448374e-05  -1.9560818908e-17
0.999939161242  6.08387583139e-05  4.96561248061e-05  -5.22360275769e-17
0.999947595048  5.24049516857e-05  4.07755003259e-05  -8.45085203725e-17
0.999955179103  4.48208968264e-05  3.2773290549e-05  -1.155883784e-16
0.999962041991  3.79580091251e-05  2.551788954e-05  -1.45501709096e-16
0.999968157217  3.18427826797e-05  1.9041004334e-05  -1.73673038831e-16
0.999973478318  2.65216820547e-05  1.33956348268e-05  -1.99411794134e-16
0.999978206499  2.17935005583e-05  8.37151065043e-06  -2.23286101127e-16
0.999981653656  1.83463435091e-05  4.70378777562e-06  -2.41311798851e-16
0.999984909319  1.50906813359e-05  1.23597211139e-06  -2.58833028395e-16
0.999985597368  1.44026319313e-05  5.02598710974e-07  -2.62599161045e-16
0.999985817771  1.41822289226e-05  2.6764064576e-07  -2.63810291885e-16
0.99998649114  1.35088601537e-05  -4.50306247541e-07  -2.67524775306e-16
0.999987393597  1.26064026486e-05  -1.41276907591e-06  -2.72536889154e-16
0.999988363451  1.16365489596e-05  -2.44744524918e-06  -2.77966965355e-16
0.99998927761  1.07223903109e-05  -3.42302507235e-06  -2.83126983134e-16
0.99999006722  9.93278041738e-06  -4.26594072981e-06  -2.87616884252e-16
0.999990728933  9.27106722079e-06  -4.97250727991e-06  -2.91403203045e-16
0.999991298058  8.70194236382e-06  -5.58034288649e-06  -2.9467710699e-16
0.999991800757  8.19924300656e-06  -6.11733797656e-06  -2.97582335529e-16
0.999992245232  7.75476771997e-06  -6.59221769806e-06  -3.00161623906e-16
0.999992650926  7.34907358924e-06  -7.02573000149e-06  -3.02524547772e-16
0.999993036208  6.96379157923e-06  -7.43748957605e-06  -3.047762854e-16
0.999993409881  6.59011930249e-06  -7.83689669827e-06  -3.06967365829e-16
0.999993784024  6.21597564894e-06  -8.23686223657e-06  -3.09168334269e-16
0.999994171368  5.82863198453e-06  -8.65099652715e-06  -3.1145449208e-16
0.999994580443  5.41955739191e-06  -9.0884287557e-06  -3.13877266632e-16
0.999995012359  4.9876413724e-06  -9.55035741997e-06  -3.16444676773e-16
0.999995462383  4.53761669608e-06  -1.00317316103e-05  -3.19129994585e-16
0.999995911538  4.08846224805e-06  -1.05122552024e-05  -3.21820611221e-16
0.999996329107  3.67089276378e-06  -1.09590601258e-05  -3.24331463473e-16
0.99999670794  3.29205984114e-06  -1.13644768292e-05  -3.26617295717e-16
0.999997067527  2.93247321232e-06  -1.17493500326e-05  -3.28793980476e-16
0.999997421435  2.57856455017e-06  -1.21281969024e-05  -3.30942958871e-16
0.999997757918  2.24208222237e-06  -1.24884364804e-05  -3.3299227437e-16
0.999998068351  1.93164885039e-06  -1.28208286701e-05  -3.34888277001e-16
0.999998354805  1.64519540143e-06  -1.31275794844e-05  -3.36642376927e-16
0.999998614198  1.38580171739e-06  -1.34053820343e-05  -3.38234560608e-16
0.999998845418  1.1545824529e-06  -1.36530338582e-05  -3.3965684682e-16
0.999999059693  9.40306970573e-07  -1.3882557284e-05  -3.40977471716e-16
0.999999259878  7.40121965952e-07  -1.40970045855e-05  -3.42213487373e-16
0.999999451061  5.48939324964e-07  -1.43018235391e-05  -3.43395937268e-16
0.999999637381  3.62618656135e-07  -1.45014482323e-05  -3.4455021703e-16
0.999999821493  1.78507105577e-07  -1.4698720149e-05  -3.45692657558e-16
1.00000000281  -2.80806762337e-09  -1.48930095058e-05  -3.46819543351e-16
1.00000018109  -1.81087936273e-07  -1.50840596454e-05  -3.47929306619e-16
1.00000035632  -3.56319254092e-07  -1.52718557199e-05  -3.49021779501e-16
1.0000005261  -5.26095213581e-07  -1.54538174409e-05  -3.50081838503e-16
1.00000069332  -6.93317440569e-07  -1.56330538658e-05  -3.51127491762e-16
1.00000085477  -8.54767438704e-07  -1.58061144164e-05  -3.52138502833e-16
1.0000010101  -1.01010067664e-06  -1.59726286002e-05  -3.5311255897e-16
1.00000115886  -1.1588633321e-06  -1.61321087091e-05  -3.54046654422e-16
1.00000129897  -1.29897237038e-06  -1.62823202356e-05  -3.54927525631e-16
1.00000143057  -1.43057216388e-06  -1.64234164606e-05  -3.5575588327e-16
1.0000015562  -1.55620405646e-06  -1.65581209172e-05  -3.56547566709e-16
1.00000167909  -1.67909080714e-06  -1.66898884098e-05  -3.57322794299e-16
1.00000180345  -1.80344705225e-06  -1.68232380643e-05  -3.58108141893e-16
1.00000193251  -1.93251150177e-06  -1.69616433106e-05  -3.58924128328e-16
1.00000206696  -2.06695556095e-06  -1.71058249791e-05  -3.59775108e-16
1.0000022041  -2.20410262437e-06  -1.72529132943e-05  -3.60644230142e-16
1.0000023349  -2.33490355958e-06  -1.73932028875e-05  -3.61474109652e-16
1.00000245398  -2.45398217698e-06  -1.75209260943e-05  -3.62230443552e-16
1.00000255956  -2.55955670204e-06  -1.76341698981e-05  -3.62901666147e-16
1.00000265148  -2.65148312792e-06  -1.77327780125e-05  -3.63486622984e-16
1.00000273601  -2.73601070177e-06  -1.78234526557e-05  -3.64024914879e-16
1.00000281562  -2.8156199494e-06  -1.79088540763e-05  -3.64532250705e-16
1.00000289213  -2.89213353e-06  -1.79909371376e-05  -3.6502019235e-16
1.00000296778  -2.96777543355e-06  -1.80720875219e-05  -3.65502897166e-16
1.00000304314  -3.04314225916e-06  -1.81529452205e-05  -3.65984165265e-16
1.00000311872  -3.1187170537e-06  -1.82340284714e-05  -3.66467081048e-16
1.00000319405  -3.19404652223e-06  -1.83148509401e-05  -3.66948748011e-16
1.00000326863  -3.2686329578e-06  -1.83948785811e-05  -3.67425977737e-16
1.00000333955  -3.33955142674e-06  -1.84709728755e-05  -3.67880028372e-16
1.00000340298  -3.40297562954e-06  -1.8539027773e-05  -3.68286336964e-16
1.00000346044  -3.46043903427e-06  -1.86006881516e-05  -3.68654654819e-16
1.00000351178  -3.51177592845e-06  -1.86557757509e-05  -3.6898386133e-16
1.00000355974  -3.5597419188e-06  -1.87072471861e-05  -3.69291585463e-16
1.00000360568  -3.6056803269e-06  -1.87565437835e-05  -3.69586423234e-16
1.00000365086  -3.65085703599e-06  -1.88050238823e-05  -3.69876488347e-16
1.00000369394  -3.693936074e-06  -1.88512537404e-05  -3.70153192191e-16
1.00000373586  -3.73586215745e-06  -1.88962470806e-05  -3.7042259095e-16
1.00000377612  -3.77611669542e-06  -1.89394472972e-05  -3.70681342444e-16
1.00000381383  -3.81383177407e-06  -1.89799228574e-05  -3.7092385361e-16
1.00000384939  -3.84939035728e-06  -1.90180846412e-05  -3.71152571914e-16
1.00000388207  -3.88206740992e-06  -1.90531544201e-05  -3.71362818767e-16
1.00000391304  -3.91303926948e-06  -1.90863945693e-05  -3.71562149982e-16
1.00000394396  -3.94396141887e-06  -1.91195817791e-05  -3.71761215379e-16
1.00000397624  -3.97624473476e-06  -1.91542303001e-05  -3.71969101171e-16
1.00000400825  -4.00824656713e-06  -1.91885771575e-05  -3.72175232573e-16
1.00000403754  -4.03754220776e-06  -1.92200199055e-05  -3.7236398357e-16
1.00000406272  -4.0627189365e-06  -1.92470421575e-05  -3.72526235355e-16
1.00000408475  -4.08474614159e-06  -1.9270684241e-05  -3.72668219431e-16
1.00000410465  -4.10464680799e-06  -1.92920440626e-05  -3.72796519788e-16
1.00000412295  -4.122953791e-06  -1.93116934996e-05  -3.72914565422e-16
1.00000414009  -4.1400850817e-06  -1.93300811613e-05  -3.7302504725e-16
1.00000415626  -4.15626472856e-06  -1.93474475037e-05  -3.73129407082e-16
1.00000417178  -4.17177511e-06  -1.93640955994e-05  -3.73229464037e-16
1.00000418663  -4.18663170695e-06  -1.93800420516e-05  -3.73325316239e-16
1.00000420103  -4.20103121857e-06  -1.93954979782e-05  -3.73418231349e-16
1.00000421489  -4.21488949184e-06  -1.94103730431e-05  -3.73507665137e-16
1.00000422781  -4.22781120658e-06  -1.94242429081e-05  -3.73591064698e-16
1.00000423931  -4.23931369946e-06  -1.94365894742e-05  -3.7366531226e-16
1.0000042491  -4.24909847945e-06  -1.94470923235e-05  -3.73728478048e-16
1.0000042571  -4.25710161302e-06  -1.94556828086e-05  -3.73780146431e-16
1.00000426485  -4.26484990069e-06  -1.94639997709e-05  -3.73830172986e-16
1.00000427544  -4.27544323161e-06  -1.94753706263e-05  -3.73898573978e-16
1.00000428511  -4.28511356601e-06  -1.94857507818e-05  -3.73961020756e-16
1.00000429071  -4.29071058476e-06  -1.94917586509e-05  -3.73997166273e-16
1.00000429541  -4.29541458373e-06  -1.94968079583e-05  -3.74027546049e-16
1.00000430018  -4.3001799036e-06  -1.95019230978e-05  -3.74058323133e-16
1.00000430447  -4.30446782824e-06  -1.95065258051e-05  -3.74086018035e-16
1.00000430814  -4.30813717993e-06  -1.95104645354e-05  -3.74109718519e-16
1.0000043114  -4.3113983859e-06  -1.95139651617e-05  -3.74130783416e-16
1.00000431466  -4.31465859544e-06  -1.95174647229e-05  -3.7415184248e-16
1.00000431761  -4.31761342067e-06  -1.95206364837e-05  -3.7417092946e-16
1.0000043199  -4.31990162452e-06  -1.95230926841e-05  -3.74185710675e-16
1.00000432173  -4.32173344635e-06  -1.95250589972e-05  -3.74197543993e-16
1.00000432333  -4.3233286273e-06  -1.95267712965e-05  -3.74207848798e-16
1.00000432472  -4.32471599072e-06  -1.95282605213e-05  -3.74216811228e-16
1.00000432588  -4.32588351953e-06  -1.95295137716e-05  -3.74224353601e-16
1.00000432683  -4.32682922567e-06  -1.95305289132e-05  -3.7423046303e-16
1.0000043276  -4.32760166119e-06  -1.95313580626e-05  -3.74235453138e-16
1.00000432823  -4.32823281049e-06  -1.95320355524e-05  -3.7423953053e-16
1.00000432868  -4.32868181284e-06  -1.95325175218e-05  -3.74242431219e-16
1.00000432901  -4.32901239322e-06  -1.95328723743e-05  -3.74244566873e-16
1.00000432925  -4.32925298821e-06  -1.95331306345e-05  -3.74246121197e-16
1.00000432937  -4.32936849664e-06  -1.95332546239e-05  -3.74246867422e-16
