   0.1581E-10  0.7454E-10  0.1571E-15
  0.3972E-10  0.1872E-09  0.7689E-15
  0.9976E-10  0.4702E-09  0.3641E-14
  0.2506E-09  0.1181E-08  0.1666E-13
  0.6294E-09  0.2968E-08  0.7332E-13
  0.1581E-08  0.7454E-08  0.3085E-12
  0.3972E-08  0.1873E-07  0.1237E-11
  0.5000E-08  0.2358E-07  0.1663E-11
  0.9976E-08  0.4705E-07  0.4539E-11
  0.1990E-07  0.9387E-07  0.1212E-10
  0.3972E-07  0.1873E-06  0.3182E-10
  0.7924E-07  0.3738E-06  0.8236E-10
  0.1581E-06  0.7459E-06  0.2112E-09
  0.1990E-06  0.9392E-06  0.2764E-09
  0.3155E-06  0.1489E-05  0.5152E-09
  0.5000E-06  0.2360E-05  0.9581E-09
  0.6294E-06  0.2971E-05  0.1306E-08
  0.7924E-06  0.3741E-05  0.1593E-08
  0.9976E-06  0.4710E-05  0.2170E-08
  0.1581E-05  0.7465E-05  0.4023E-08
  0.2506E-05  0.1184E-04  0.7452E-08
  0.3972E-05  0.1877E-04  0.1380E-07
  0.5000E-05  0.2363E-04  0.1791E-07
  0.6294E-05  0.2973E-04  0.2436E-07
  0.7924E-05  0.3747E-04  0.3315E-07
  0.9976E-05  0.4716E-04  0.4507E-07
  0.1256E-04  0.5941E-04  0.6130E-07
  0.1581E-04  0.7479E-04  0.8002E-07
  0.1990E-04  0.9418E-04  0.1077E-06
  0.2506E-04  0.1186E-03  0.1464E-06
  0.3155E-04  0.1494E-03  0.1882E-06
  0.3972E-04  0.1881E-03  0.2559E-06
  0.5000E-04  0.2369E-03  0.3479E-06
  0.6294E-04  0.2982E-03  0.4729E-06
  0.7924E-04  0.3758E-03  0.6430E-06
  0.9976E-04  0.4730E-03  0.8214E-06
  0.1105E-03  0.5242E-03  0.9147E-06
  0.1256E-03  0.5958E-03  0.1041E-05
  0.1581E-03  0.7505E-03  0.1415E-05
  0.1990E-03  0.9452E-03  0.1840E-05
  0.2506E-03  0.1191E-02  0.2384E-05
  0.2572E-03  0.1222E-02  0.2469E-05
  0.2670E-03  0.1268E-02  0.2496E-05    
    0.1000D-01     0.4809D-01     0.2463D-03
    0.2000D-01     0.9606D-01     0.5859D-03
    0.3000D-01     0.1445D+00     0.1147D-02
    0.4000D-01     0.1931D+00     0.1847D-02
    0.5000D-01     0.2420D+00     0.2671D-02
    0.6000D-01     0.2910D+00     0.3610D-02
    0.7000D-01     0.3402D+00     0.4655D-02
    0.8000D-01     0.3895D+00     0.5800D-02
    0.9000D-01     0.4390D+00     0.7041D-02
    0.1000D+00     0.4886D+00     0.8373D-02
    0.1100D+00     0.5384D+00     0.9793D-02
    0.1200D+00     0.5883D+00     0.1130D-01
    0.1300D+00     0.6383D+00     0.1288D-01
    0.1400D+00     0.6885D+00     0.1454D-01
    0.1500D+00     0.7388D+00     0.1628D-01
    0.1600D+00     0.7892D+00     0.1810D-01
    0.1700D+00     0.8397D+00     0.1998D-01
    0.1800D+00     0.8903D+00     0.2194D-01
    0.1900D+00     0.9411D+00     0.2397D-01
    0.2000D+00     0.9919D+00     0.2606D-01
    0.2100D+00     0.1043D+01     0.2822D-01
    0.2200D+00     0.1094D+01     0.3044D-01
    0.2300D+00     0.1145D+01     0.3272D-01
    0.2400D+00     0.1196D+01     0.3507D-01
    0.2500D+00     0.1248D+01     0.3748D-01
    0.2600D+00     0.1299D+01     0.3995D-01
    0.2700D+00     0.1351D+01     0.4247D-01
    0.2800D+00     0.1402D+01     0.4506D-01
    0.2900D+00     0.1454D+01     0.4770D-01
    0.3000D+00     0.1506D+01     0.5039D-01
    0.3100D+00     0.1558D+01     0.5314D-01
    0.3200D+00     0.1610D+01     0.5595D-01
    0.3300D+00     0.1662D+01     0.5881D-01
    0.3400D+00     0.1714D+01     0.6172D-01
    0.3500D+00     0.1766D+01     0.6468D-01
    0.3600D+00     0.1819D+01     0.6769D-01
    0.3700D+00     0.1871D+01     0.7076D-01
    0.3800D+00     0.1924D+01     0.7387D-01
    0.3900D+00     0.1976D+01     0.7704D-01
    0.4000D+00     0.2029D+01     0.8025D-01
    0.4100D+00     0.2082D+01     0.8351D-01
    0.4200D+00     0.2135D+01     0.8682D-01
    0.4300D+00     0.2188D+01     0.9017D-01
    0.4400D+00     0.2241D+01     0.9358D-01
    0.4500D+00     0.2294D+01     0.9702D-01
    0.4600D+00     0.2347D+01     0.1005D+00
    0.4700D+00     0.2400D+01     0.1041D+00
    0.4800D+00     0.2453D+01     0.1076D+00
    0.4900D+00     0.2507D+01     0.1113D+00
    0.5000D+00     0.2560D+01     0.1149D+00
    0.5100D+00     0.2614D+01     0.1186D+00
    0.5200D+00     0.2667D+01     0.1224D+00
    0.5300D+00     0.2721D+01     0.1261D+00
    0.5400D+00     0.2775D+01     0.1300D+00
    0.5500D+00     0.2829D+01     0.1338D+00
    0.5600D+00     0.2883D+01     0.1377D+00
    0.5700D+00     0.2937D+01     0.1416D+00
    0.5800D+00     0.2991D+01     0.1456D+00
    0.5900D+00     0.3045D+01     0.1496D+00
    0.6000D+00     0.3099D+01     0.1537D+00
    0.6100D+00     0.3153D+01     0.1578D+00
    0.6200D+00     0.3207D+01     0.1619D+00
    0.6300D+00     0.3262D+01     0.1661D+00
    0.6400D+00     0.3316D+01     0.1703D+00
    0.6500D+00     0.3371D+01     0.1745D+00
    0.6600D+00     0.3425D+01     0.1788D+00
    0.6700D+00     0.3480D+01     0.1831D+00
    0.6800D+00     0.3535D+01     0.1874D+00
    0.6900D+00     0.3589D+01     0.1918D+00
    0.7000D+00     0.3644D+01     0.1962D+00
    0.7100D+00     0.3699D+01     0.2007D+00
    0.7200D+00     0.3754D+01     0.2052D+00
    0.7300D+00     0.3809D+01     0.2097D+00
    0.7400D+00     0.3864D+01     0.2142D+00
    0.7500D+00     0.3919D+01     0.2188D+00
    0.7600D+00     0.3975D+01     0.2235D+00
    0.7700D+00     0.4030D+01     0.2281D+00
    0.7800D+00     0.4085D+01     0.2328D+00
    0.7900D+00     0.4141D+01     0.2375D+00
    0.8000D+00     0.4196D+01     0.2423D+00
    0.8100D+00     0.4252D+01     0.2471D+00
    0.8200D+00     0.4307D+01     0.2519D+00
    0.8300D+00     0.4363D+01     0.2568D+00
    0.8400D+00     0.4418D+01     0.2617D+00
    0.8500D+00     0.4474D+01     0.2666D+00
    0.8600D+00     0.4530D+01     0.2716D+00
    0.8700D+00     0.4586D+01     0.2765D+00
    0.8800D+00     0.4642D+01     0.2816D+00
    0.8900D+00     0.4698D+01     0.2866D+00
    0.9000D+00     0.4754D+01     0.2917D+00
    0.9100D+00     0.4810D+01     0.2968D+00
    0.9200D+00     0.4866D+01     0.3019D+00
    0.9300D+00     0.4922D+01     0.3071D+00
    0.9400D+00     0.4978D+01     0.3123D+00
    0.9500D+00     0.5035D+01     0.3176D+00
    0.9600D+00     0.5091D+01     0.3228D+00
    0.9700D+00     0.5148D+01     0.3281D+00
    0.9800D+00     0.5204D+01     0.3334D+00
    0.9900D+00     0.5261D+01     0.3388D+00
    0.1000D+01     0.5317D+01     0.3442D+00
    0.1010D+01     0.5374D+01     0.3496D+00
    0.1020D+01     0.5430D+01     0.3550D+00
    0.1030D+01     0.5487D+01     0.3605D+00
    0.1040D+01     0.5544D+01     0.3660D+00
    0.1050D+01     0.5601D+01     0.3715D+00
    0.1060D+01     0.5658D+01     0.3771D+00
    0.1070D+01     0.5715D+01     0.3827D+00
    0.1080D+01     0.5772D+01     0.3883D+00
    0.1090D+01     0.5829D+01     0.3939D+00
    0.1100D+01     0.5886D+01     0.3996D+00
    0.1110D+01     0.5943D+01     0.4053D+00
    0.1120D+01     0.6000D+01     0.4110D+00
    0.1130D+01     0.6058D+01     0.4168D+00
    0.1140D+01     0.6115D+01     0.4226D+00
    0.1150D+01     0.6172D+01     0.4284D+00
    0.1160D+01     0.6230D+01     0.4342D+00
    0.1170D+01     0.6287D+01     0.4401D+00
    0.1180D+01     0.6345D+01     0.4460D+00
    0.1190D+01     0.6402D+01     0.4519D+00
    0.1200D+01     0.6460D+01     0.4578D+00
    0.1210D+01     0.6518D+01     0.4638D+00
    0.1220D+01     0.6575D+01     0.4698D+00
    0.1230D+01     0.6633D+01     0.4758D+00
    0.1240D+01     0.6691D+01     0.4819D+00
    0.1250D+01     0.6749D+01     0.4880D+00
    0.1260D+01     0.6807D+01     0.4941D+00
    0.1270D+01     0.6865D+01     0.5002D+00
    0.1280D+01     0.6923D+01     0.5064D+00
    0.1290D+01     0.6981D+01     0.5125D+00
    0.1300D+01     0.7039D+01     0.5187D+00
    0.1310D+01     0.7097D+01     0.5250D+00
    0.1320D+01     0.7155D+01     0.5312D+00
    0.1330D+01     0.7213D+01     0.5375D+00
    0.1340D+01     0.7272D+01     0.5438D+00
    0.1350D+01     0.7330D+01     0.5502D+00
    0.1360D+01     0.7388D+01     0.5565D+00
    0.1370D+01     0.7447D+01     0.5629D+00
    0.1380D+01     0.7505D+01     0.5693D+00
    0.1390D+01     0.7564D+01     0.5757D+00
    0.1400D+01     0.7622D+01     0.5822D+00
    0.1410D+01     0.7681D+01     0.5887D+00
    0.1420D+01     0.7740D+01     0.5952D+00
    0.1430D+01     0.7798D+01     0.6017D+00
    0.1440D+01     0.7857D+01     0.6083D+00
    0.1450D+01     0.7916D+01     0.6149D+00
    0.1460D+01     0.7975D+01     0.6215D+00
    0.1470D+01     0.8034D+01     0.6281D+00
    0.1480D+01     0.8093D+01     0.6347D+00
    0.1490D+01     0.8152D+01     0.6414D+00
    0.1500D+01     0.8211D+01     0.6481D+00
-1 -1 -1
