   1.0000097037725633E-003  0.86621580781493535       0.94453971063653663        1.6554111454651432E-007   4.6492745750502005E-004   5.1198847506523355E-008
   5.9999999784176583E-003   2.0486754857073706        5.6743245929877348        4.4596462291567858E-005   5.1736078476923063E-003   1.4725908570716976E-005
   1.1000001819819256E-002   2.6176416877631676        10.408984652822680        3.1526051319388196E-004   1.1181805016673879E-002   1.0439046127314716E-004
   1.6000002038631653E-002   3.0341380070550188        15.146425838918338        1.0711040710928536E-003   1.9154197277598765E-002   3.5494242138598992E-004
   2.0999999553577550E-002   3.3977490264502692        19.886154530833299        2.6090020699333747E-003   3.0198211358473049E-002   8.6485560742361411E-004
   2.5999999441432685E-002   3.7461619592608604        24.628046428718008        5.2407702475119385E-003   4.5206496165336077E-002   1.7375584392013436E-003
   3.1000003350962296E-002   4.0958615596265737        29.372078218706843        9.2741860922747818E-003   6.4799460910850315E-002   3.0751394631020035E-003
   3.6000008014843911E-002   4.4542625875567712        34.118249093404650        1.4997711705762371E-002   8.9367081262917994E-002   4.9732803410703838E-003
   4.0999999113936869E-002   4.8243113609759751        38.866553382000774        2.2669588079313546E-002  0.11913304377082437        7.5176386289477525E-003
   4.5999998996140400E-002   5.2076147214205095        43.617019875831119        3.2510891128042348E-002  0.15422004661415592        1.0781544577196961E-002
   5.0999998882738269E-002   5.6039939874511777        48.369658526533613        4.4702318610546646E-002  0.19470552180532058        1.4824935394022765E-002
   5.6000022297034886E-002   6.0133311019594187        53.124519751320761        5.9383923156105883E-002  0.24066889973271771        1.9694266689564522E-002
   6.1000010960007296E-002   6.4341851721138568        57.881608495183542        7.6657762493944126E-002  0.29222976216454116        2.5423391502874537E-002
   6.6000005383714269E-002   6.8665789494449614        62.641032756177893        9.6590961020131316E-002  0.34957385204048363        3.2034575795027082E-002
   7.1000002404466869E-002   7.3099967448660772        67.402892079382951       0.11922113401563862       0.41297506299136233        3.9540297571960932E-002
   7.6000003215895381E-002   7.7641520378169142        72.167317533104693       0.14456151188180175       0.48280910683223405        4.7944946529177343E-002
   8.0999998278571794E-002   8.2288499936787574        76.934460759612321       0.17260645564115218       0.55956314969188692        5.7246653469842805E-002
   8.5999998102067349E-002   8.7042823640506608        81.704516769158829       0.20333645400123540       0.64384122531647725        6.7438947771432597E-002
   9.0999997988417347E-002   9.1906795857863646        86.477697139841283       0.23672281979144474       0.73636788139549003        7.8512315137756278E-002
   9.6000006606299107E-002   9.6885598153881105        91.254248960551863       0.27273374513754045       0.83799048604640070        9.0456206004414230E-002
  0.10099999913812417        10.198347975813896        96.034423053321021       0.31133464027591884       0.94967852413410991       0.10325914797141968     
  0.10599999779582495        10.720961915188473        100.81852772818318       0.35249447804787065        1.0725246181516077       0.11691085015477670     
  0.11099999761966170        11.257247005615799        105.60687669008750       0.39618719978295114        1.2077446477937601       0.13140266952476065     
  0.11599999788892196        11.807991006949734        110.39726733444473       0.44491333161264190        1.3548272456643446       0.14643341439619015     
  0.12099999730881482        12.372874035318489        115.18727268292017       0.50127891560481064        1.5132577586671632       0.16176487797399569     
  0.12599999690359598        12.952348382246427        119.97969118465862       0.56275591476757070        1.6864164692646508       0.17775233190014048     
  0.13099999649329874        13.547486841586942        124.77557234228543       0.62865601945312211        1.8764822143004452       0.19450151879814581     
  0.13599999619978584        14.159613804254546        129.57567126793208       0.69864126042838848        2.0855111133229718       0.21207073278339153     
  0.14099999658473816        14.790201522485997        134.38064628254867       0.77251803129372121        2.3155864955347445       0.23050086131950895     
  0.14599999656658066        15.440815119583760        139.19111811846292       0.85017353233781590        2.5688668659856333       0.24982521112879588     
  0.15099999650197504        16.113094306897981        144.00769806577048       0.93154718300539741        2.8476081443502430       0.27007369293362254     
  0.15599999642163598        16.808731741878358        148.83100183197891        1.0166152432947104        3.1541769318632276       0.29127490796611549     
  0.16099999633106213        17.529463765791153        153.66165937893842        1.1053808084183545        3.4910591240748241       0.31345709888341594     
  0.16599999623563350        18.277063808713013        158.50032219563138        1.1978665333249290        3.8608656872814833       0.33664848548158083     
  0.17099999613730749        19.053337705393851        163.34766928049686        1.2941087772348825        4.2663360881589467       0.36087720835878023     
  0.17599999603594429        19.860120090638823        168.20441238546076        1.3941525361882683        4.7103393596139282       0.38617100683999389     
  0.18099999593313898        20.699271191766577        173.07130075889498        1.4980468402152816        5.1958725645382922       0.41255670910777487     
  0.18599999583035445        21.572673512388331        177.94912546718996        1.6058404548738379        5.7260562939281776       0.44005958905124842     
  0.19099999572483317        22.482228056668202        182.83872329069607        1.7175778202322722        6.3041267928059961       0.46870263273386331     
  0.19599999561917231        23.429849856324658        187.74098013947821        1.8332952188612426        6.9334243325431437       0.49850575209840170     
  0.20100003120995691        24.417551301885133        192.65685269240311        1.9530163220515788        7.6173766875350504       0.52948475299137043     
  0.20599999869645705        25.446999199862542        197.58727808585095        2.0767532472173800        8.3594831500670637       0.56165166850643999     
  0.21099999581637616        26.520357968659418        202.53335521439669        2.2044953736969033        9.1632825317508733       0.59501187018417212     
  0.21599999529462882        27.639464102879263        207.49617248200724        2.3362148913008483        10.032332114774663       0.62956548302525872     
  0.22099999510490659        28.806193233010244        212.47688650116925        2.4718613858969412        10.970172215327178       0.66530593594785026     
  0.22599999497615861        30.022389478508014        217.47670763226697        2.6113612376965403        11.980291607821220       0.70221974697747258     
  0.23099999486037293        31.289849704175698        222.49689595354715        2.7546172047358635        13.066090395257739       0.74028635360491657     
  0.23599999474762245        32.610310505997660        227.53875669988949        2.9015087102488999        14.230841935857864       0.77947813084869177     
  0.24099999463563249        33.985435267125283        232.60363459270582        3.0518928635351745        15.477655172264848       0.81976061175219106     
  0.24599999452381677        35.416798904607433        237.69290993966993        3.2056027498448718        16.809424208622229       0.86109198292178168     
  0.25099999441205673        36.905886926647440        242.80797843046363        3.3624651741766662        18.228858904546520       0.90342783450687114     
  0.25599998018817566        38.454028425433386        247.95025507167574        3.5222772409073859        19.738349572948977       0.94671484820092389     
  0.26099997045158407        40.062527478768125        253.12118097519453        3.6848301019207472        21.340033956714361       0.99089719507668461     
  0.26599996650866753        41.732491041778758        258.32217946078606        3.8499062171020157        23.035740322425539        1.0359158339689210     
  0.27099996561559186        43.464895355874681        263.55466551184333        4.0172830323361701        24.826990329939584        1.0817095517036464     
  0.27599996627232060        45.260576310294631        268.82003622264375        4.1867365747161100        26.714993494874754        1.1282159977897130     
  0.28099996763443075        47.120224731084718        274.11966255344623        4.3580448408134380        28.700651203488071        1.1753726766848265     
  0.28599996924615345        49.044384320340313        279.45488201648311        4.5309908737649760        30.784566755216414        1.2231178656745829     
  0.29099997088538138        51.033451777367276        284.82699233110719        4.7053654471706734        32.967060608088062        1.2713914322560944     
  0.29599997243409393        53.087678836274250        290.23724609991712        4.8809693017499907        35.248189905908141        1.3201355326041733     
  0.30099997383885413        55.207176133970869        295.68684656969651        5.0576149123078897        37.627771168811371        1.3692951816392063     
  0.30599997509716292        57.391918592195246        301.17694444475006        5.2351277845183439        40.105405148103614        1.4188186916740306     
  0.31099997622050041        59.641751995469136        306.70863568298876        5.4133473050048568        42.680502805263032        1.4686579837487430     
  0.31599997722395035        61.956400601105720        312.28296022533777        5.5921271841686382        45.352311543993729        1.5187687807414212     
  0.32099997814074344        64.335475519829473        317.90090156082329        5.7713355413705143        48.119940924220387        1.5691106947099147     
  0.32599997896470301        66.778483504913567        323.56338697779529        5.9508546904834727        50.982387241712182        1.6196472237764634     
  0.33099997972968326        69.284836215276300        329.27128848161323        6.1305806816297226        53.938556538503228        1.6703456736958091     
  0.33599998043338475        71.853859360794957        335.02542413852029        6.3104226562304726        56.987285709633525        1.7211770199893226     
  0.34099998109513896        74.484801957209058        340.82655986789598        6.4903020669586189        60.127361533827518        1.7721157252729292     
  0.34599998171655422        77.176845242438489        346.67541148550720        6.6701518079860742        63.357537546163698        1.8231395248859921     
  0.35099998230542667        79.929111354415909        352.57264698212731        6.8499152945594730        66.676548766776861        1.8742291922934780     
  0.35599998285997236        82.740671555204571        358.51888891800627        7.0295455260275705        70.083124343134031        1.9253682944530992     
  0.36099998337782035        85.610554015569349        364.51471690011948        7.2090041545755623        73.575998257070012        1.9765429440305633     
  0.36599998386570187        88.537751093000196        370.56067007894006        7.3882605828162395        77.153918220071333        2.0277415556226828     
  0.37099998432593922        91.521226050041605        376.65724961486848        7.5672911024705742        80.815652947330832        2.0789546100407525     
  0.37599998475193008        94.559919241342755        382.80492109481639        7.7460780846921597        84.559997973648862        2.1301744302019827     
  0.38099998515082312        97.652753795948740        389.00411688416835        7.9246092282790324        88.385780200010444        2.1813949709117626     
  0.38599998551830123        100.79864071515982        395.25523836298095        8.1028768682515846        92.291861324890988        2.2326116236987490     
  0.39099998585645807        103.99648351507378        401.55865807507115        8.2808773463237344        96.277140331313220        2.2838210375452586     
  0.39599998616498977        107.24518235351991        407.91472175208213        8.4586104411685650        100.34055516851507        2.3350209552675047     
  0.40099998644848467        110.54363772282903        414.32375022731838        8.6360788583740327        104.48108375352132        2.3862100658278456     
  0.40599998670036741        113.89075368775583        420.78604122198914        8.8132877737365529        108.69774442061789        2.4373878710195158     
  0.41099998692809270        117.28544077656797        427.30187103289791        8.9902444294726926        112.98959591210703        2.4885545666318767     
  0.41599998713211372        120.72661845700461        433.87149608675992        9.1669577774138009        117.35573699746450        2.5397109365798403     
  0.42099998731124444        124.21321730701065        440.49515439685104        9.3434381653786502        121.79530580392317        2.5908582590610525     
  0.42599998746838286        127.74418088452674        447.17306691598276        9.5196970638261256        126.30747891869086        2.6419982240400115     
  0.43099998760552494        131.31846730697384        453.90543878546850        9.6957468271453333        130.89147031505192        2.6931328605385256     
  0.43599998772401954        134.93505059143192        460.69246049447281        9.8716004873274255        135.54653015747263        2.7442644731712438     
  0.44099998782010119        138.59292176377423        467.53430894913635        10.047271575868749        140.27194350985403        2.7953955867981728     
  0.44599998790347017        142.29108979261051        474.43114847123485        10.222773971056178        145.06702899365703        2.8465288985278741     
  0.45099998796960683        146.02858229581150        481.38313170038924        10.398121766783213        149.93113740623602        2.8976672359999123     
  0.45599998802076191        149.80444613997793        488.39040044799094        10.573329161891770        154.86365033499288        2.9488135216929794     
  0.46099998805954756        153.61774786880270        495.45308647340755        10.748410366034447        159.86397876975249        2.9999707421222896     
  0.46599998808495691        157.46757401145911        502.57131220178439        10.923379520670164        164.93156173741625        3.0511419215443385     
  0.47099998809915367        161.35303129198715        509.74519139098248        11.098250633359113        170.06586496374044        3.1023300996513448     
  0.47599998810265176        165.27324673038152        516.97482974192053        11.273037523160015        175.26637956751162        3.1535383126259933     
  0.48099998809635847        169.22736766879925        524.26032546557258        11.447753776223394        180.53262080039232        3.2047695773002953     
  0.48599998808161993        173.21456172073789        531.60176980515735        11.622412709359413        185.86412682912268        3.2560268777737496     
  0.49099998805857326        177.23401665808976        538.99924751814001        11.797027341609400        191.26045756576355        3.3073131545026584     
  0.49599998802729350        181.28494024537929        546.45283732264386        11.971610371670696        196.72119354807606        3.3586312952313957     
