   1.0000097037725633E-003   9.9991956139018363E-004   9.0142382379615057E-008   9.0141507666926146E-005   4.6497865635252659E-004
   5.9999999784176583E-003   5.9945159826350954E-003   5.4839957825630309E-006   9.1399930038154600E-004   5.1883337562630243E-003
   1.1000001819819256E-002   1.0976200061060348E-002   2.3801758758908634E-005   2.1637958928355638E-003   1.1286195477947025E-002
   1.6000002038631653E-002   1.5940423964287142E-002   5.9578074344510438E-005   3.7236291720876341E-003   1.9509139698984754E-002
   2.0999999553577550E-002   2.0883826631721978E-002   1.1617292185557211E-004   5.5320440154857506E-003   3.1063066965896662E-002
   2.5999999441432685E-002   2.5803968532118051E-002   1.9603090931463217E-004   7.5396505202320972E-003   4.6944054604537419E-002
   3.1000003350962296E-002   3.0699217995371366E-002   3.0078535559093005E-004   9.7027523573346049E-003   6.7874600373952321E-002
   3.6000008014843911E-002   3.5568661202531458E-002   4.3134681231245232E-004   1.1981853229993580E-002   9.4340361603988371E-002
   4.0999999113936869E-002   4.0411975056275320E-002   5.8802405766154647E-004   1.4342050496817284E-002  0.12665068239977209     
   4.5999998996140400E-002   4.5229380577601307E-002   7.7061841853909090E-004   1.6752574681659214E-002  0.16500159119135288     
   5.0999998882738269E-002   5.0021479887091935E-002   9.7851899564633301E-004   1.9186647393781175E-002  0.20953045719934338     
   5.6000022297034886E-002   5.4789188202362948E-002   1.2108340946719385E-003   2.1622028795800146E-002  0.26036316642228219     
   6.1000010960007296E-002   5.9533626635340266E-002   1.4663843246670322E-003   2.4039082970467335E-002  0.31765315366741570     
   6.6000005383714269E-002   6.4256059050320821E-002   1.7439463333934443E-003   2.6423427138443371E-002  0.38160842783551074     
   7.1000002404466869E-002   6.8957811054965915E-002   2.0421913495009486E-003   2.8763257469586606E-002  0.45251536056332325     
   7.6000003215895381E-002   7.3640218450711323E-002   2.3597847651840574E-003   3.1049798228041509E-002  0.53075405336141135     
   8.0999998278571794E-002   7.8304581805611978E-002   2.6954164729598119E-003   3.3276747286954858E-002  0.61680980316172973     
   8.5999998102067349E-002   8.2952135024242590E-002   3.0478630778247632E-003   3.5440269128930314E-002  0.71128017308790981     
   9.0999997988417347E-002   8.7584017041758250E-002   3.4159809466591008E-003   3.7538252990883508E-002  0.81488019653324628     
   9.6000006606299107E-002   9.2201257455115732E-002   3.7987491511833793E-003   3.9570300935105579E-002  0.92844669205081498     
  0.10099999913812417        9.6804759126623507E-002   4.1952400115006653E-003   4.1537030171291359E-002   1.0529376721055297     
  0.10599999779582495       0.10139530278041094        4.6046950154140101E-003   4.3440519916646422E-002   1.1894354683063846     
  0.11099999761966170       0.10597353538284565        5.0264622368160500E-003   4.5283444545999710E-002   1.3391473173185207     
  0.11599999788892196       0.11051642633346818        5.4835715554537720E-003   4.7272169441801820E-002   1.5012606600605352     
  0.12099999730881482       0.11500094012547749        5.9990571833373326E-003   4.9578986088955085E-002   1.6750226366411589     
  0.12599999690359598       0.11945184474961175        6.5481521539842375E-003   5.1969462816688024E-002   1.8641688011647912     
  0.13099999649329874       0.12387614567138056        7.1238508219181934E-003   5.4380542081026786E-002   2.0709837330985907     
  0.13599999619978584       0.12827741224257486        7.7225839572109744E-003   5.6783707154420757E-002   2.2975818461063637     
  0.14099999658473816       0.13265779724761242        8.3421993371257264E-003   5.9164535738922747E-002   2.5460873568542537     
  0.14599999656658066       0.13701867667895115        8.9813198876295183E-003   6.1515891087940880E-002   2.8186920771144290     
  0.15099999650197504       0.14136093775034389        9.6390587516311625E-003   6.3834827648523065E-002   3.1176818372838655     
  0.15599999642163598       0.14568513829513133        1.0314858126504661E-002   6.6120886943008106E-002   3.4454518398293428     
  0.16099999633106213       0.14999160731938957        1.1008389011672549E-002   6.8375088587183233E-002   3.8045162229582399     
  0.16599999623563350       0.15428051562690928        1.1719480608724226E-002   7.0599282376420477E-002   4.1975141727630634     
  0.17099999613730749       0.15855192948812982        1.2448066649177678E-002   7.2795713043070961E-002   4.6272132965177262     
  0.17599999603594429       0.16280585393381622        1.3194142102128065E-002   7.4966718177842687E-002   5.0965103664539217     
  0.18099999593313898       0.16704226915530268        1.3957726777836309E-002   7.7114514317405097E-002   5.6084292736460677     
  0.18599999583035445       0.17126116190606325        1.4738833924291204E-002   7.9241044380098241E-002   6.1661158829794260     
  0.19099999572483317       0.17546255290520768        1.5537442819625481E-002   8.1347869986393692E-002   6.7728294255398591     
  0.19599999561917231       0.17964652070870191        1.6353474910470411E-002   8.3436098346885618E-002   7.4319300846415475     
  0.20100003120995691       0.18381323093010674        1.7186800279850166E-002   8.5506455777101323E-002   8.1468614405264219     
  0.20599999869645705       0.18796291002740401        1.8037088669053052E-002   8.7558683413541533E-002   8.9211348185735044     
  0.21099999581637616       0.19209594287612153        1.8904052940254625E-002   8.9592669739699787E-002   9.7582944019350464     
  0.21599999529462882       0.19621280111882869        1.9787194175800122E-002   9.1607382439105822E-002   10.661897597799921     
  0.22099999510490659       0.20031408572561202        2.0685909379294584E-002   9.3601401979557422E-002   11.635478151275027     
  0.22599999497615861       0.20440052197344746        2.1599473002711152E-002   9.5572891517053976E-002   12.682511354798692     
  0.23099999486037293       0.20847295557160464        2.2527039288768286E-002   9.7519652770488893E-002   13.806376748862654     
  0.23599999474762245       0.21253234490525599        2.3467649842366475E-002   9.9439196460418128E-002   15.010320066706555     
  0.24099999463563249       0.21657974940747413        2.4420245228158367E-002  0.10132882062955768        16.297415784017037     
  0.24599999452381677       0.22061631451924363        2.5383680004573136E-002  0.10318569337250773        17.670516191544014     
  0.25099999441205673       0.22464325389181047        2.6356740520246259E-002  0.10500693668135086        19.132286739053395     
  0.25599998018817566       0.22866180219868198        2.7338177989493655E-002  0.10678976603591306        20.685064421149900     
  0.26099997045158407       0.23267330529547189        2.8326665156112197E-002  0.10853129641011526        22.330931151791049     
  0.26599996650866753       0.23667903134077675        2.9320935167890794E-002  0.11022909345718049        24.071656156394461     
  0.27099996561559186       0.24068026228761097        3.0319703327980917E-002  0.11188083828390157        25.908699881643230     
  0.27599996627232060       0.24467824762828305        3.1321718644037523E-002  0.11348450170871889        27.843209492664467     
  0.28099996763443075       0.24867418741318620        3.2325780221244563E-002  0.11503837702678690        29.876023880172898     
  0.28599996924615345       0.25266921791917896        3.3330751326974516E-002  0.11654110108762816        32.007684620890998     
  0.29099997088538138       0.25666440014604508        3.4335570739336296E-002  0.11799166383030443        34.238452040344157     
  0.29599997243409393       0.26066071123817725        3.5339261195916682E-002  0.11938940705065494        36.568325438512318     
  0.30099997383885413       0.26465903880601016        3.6340935032843982E-002  0.12073401392486423        38.997066350450581     
  0.30599997509716292       0.26866017795570724        3.7339797141455702E-002  0.12202549078508698        41.524223839777648     
  0.31099997622050041       0.27266483069505348        3.8335145525446902E-002  0.12326414294728791        44.149160789011788     
  0.31599997722395035       0.27667360742627672        3.9326369797673622E-002  0.12445054630432102        46.871080324735154     
  0.32099997814074344       0.28068703014059809        4.0312948000145316E-002  0.12558551634065837        49.689051618930307     
  0.32599997896470301       0.28470553687987782        4.1294442084825161E-002  0.12667007591830623        52.602034465488643     
  0.33099997972968326       0.28872948724957481        4.2270492480108425E-002  0.12770542316839215        55.608902212199034     
  0.33599998043338475       0.29275916845840694        4.3240811974977797E-002  0.12869290027697103        58.708462729622852     
  0.34099998109513896       0.29679480180135137        4.4205179293787582E-002  0.12963396406011629        61.899477259100451     
  0.34599998171655422       0.30083654919413222        4.5163432522421970E-002  0.13053015869642501        65.180677071049701     
  0.35099998230542667       0.30488451967909747        4.6115462626329200E-002  0.13138309102876619        68.550777959070345     
  0.35599998285997236       0.30893877568537437        4.7061207174597990E-002  0.13219440854048822        72.008492637587125     
  0.36099998337782035       0.31299933898602639        4.8000644391793988E-002  0.13296578006087278        75.552541201100567     
  0.36599998386570187       0.31706619625917337        4.8933787606528480E-002  0.13369887913569961        79.181659775694015     
  0.37099998432593922       0.32113930420010722        4.9860680125831988E-002  0.13439536989852610        82.894607557371586     
  0.37599998475193008       0.32521859417780702        5.0781390574123078E-002  0.13505689530180867        86.690172403850823     
  0.38099998515082312       0.32930397645592524        5.1696008694897891E-002  0.13568506747955239        90.567175170922212     
  0.38599998551830123       0.33339534392624737        5.2604641592053879E-002  0.13628146001461380        94.524472948589747     
  0.39099998585645807       0.33749257544705469        5.3507410409403357E-002  0.13684760190514872        98.560961368858486     
  0.39599998616498977       0.34159553875848814        5.4404447406501633E-002  0.13738497299804076        102.67557612378259     
  0.40099998644848467       0.34570409303729471        5.5295893411189963E-002  0.13789500069794558        106.86729381934916     
  0.40599998670036741       0.34981809109381656        5.6181895606550868E-002  0.13837905775108741        111.13513229163740     
  0.41099998692809270       0.35393738129171409        5.7062605636378591E-002  0.13883846095197588        115.47815047873891     
  0.41599998713211372       0.35806180915685326        5.7938177975260442E-002  0.13927447059478001        119.89544793404436     
  0.42099998731124444       0.36219121875911314        5.8808768552131283E-002  0.13968829055724907        124.38616406298421     
  0.42599998746838286       0.36632545387955934        5.9674533588823533E-002  0.14008106888325320        128.94947714273090     
  0.43099998760552494       0.37046435897366575        6.0535628631859156E-002  0.14045389877659281        133.58460317559047     
  0.43599998772401954       0.37460777997795563        6.1392207746063923E-002  0.14080781989591276        138.29079463064386     
  0.44099998782010119       0.37875556496153084        6.2244422858570334E-002  0.14114381990405392        143.06733909665223     
  0.44599998790347017       0.38290756467373810        6.3092423229732061E-002  0.14146283619045175        147.91355789218491     
  0.45099998796960683       0.38706363294525836        6.3936355024348468E-002  0.14176575771584540        152.82880464223592     
  0.45599998802076191       0.39122362703706065        6.4776360983701237E-002  0.14205342694165143        157.81246385668587     
  0.46099998805954756       0.39538740788493471        6.5612580174612870E-002  0.14232664180923507        162.86394951187478     
  0.46599998808495691       0.39955484028208266        6.6445147802874235E-002  0.14258615772917263        167.98270365896059     
  0.47099998809915367       0.40372579301209222        6.7274195087061478E-002  0.14283268956877149        173.16819506339181     
  0.47599998810265176       0.40790013892290744        6.8099849179744348E-002  0.14306691361735555        178.41991788013760     
  0.48099998809635847       0.41207775497003829        6.8922233126320148E-002  0.14328946950516971        183.73739037769266     
  0.48599998808161993       0.41625852222109144        6.9741465860528512E-002  0.14350096207989202        189.12015370689642     
  0.49099998805857326       0.42044232583427932        7.0557662224293966E-002  0.14370196321853448        194.56777072026620     
  0.49599998802729350       0.42462905501517301        7.1370933012120524E-002  0.14389301357844625        200.07982484330748     
