   0.00100001   0.00000009   0.00099992    0.0004649    0.0000001    0.8660511    0.0001647   0.2684E+01   0.9403E+03   0.9376E+03   0.2000E-01   0.8662E+00   0.4650E-03
   0.00600000   0.00000548   0.00599452    0.0051736    0.0000147    2.0412795    0.0073960   0.1078E+02   0.9419E+03   0.9311E+03   0.2000E-01   0.2049E+01   0.5188E-02
   0.01100000   0.00002380   0.01097620    0.0111818    0.0001044    2.5891235    0.0285182   0.1757E+02   0.9426E+03   0.9251E+03   0.2000E-01   0.2618E+01   0.1129E-01
   0.01600000   0.00005958   0.01594042    0.0191542    0.0003549    2.9675252    0.0666128   0.2385E+02   0.9433E+03   0.9194E+03   0.2000E-01   0.3034E+01   0.1951E-01
   0.02100000   0.00011617   0.02088383    0.0301982    0.0008649    3.2741256    0.1236235   0.2979E+02   0.9439E+03   0.9141E+03   0.2000E-01   0.3398E+01   0.3106E-01
   0.02600000   0.00019603   0.02580397    0.0452065    0.0017376    3.5455912    0.2005707   0.3547E+02   0.9446E+03   0.9091E+03   0.2000E-01   0.3746E+01   0.4694E-01
   0.03100000   0.00030079   0.03069922    0.0647995    0.0030751    3.7981746    0.2976870   0.4090E+02   0.9453E+03   0.9044E+03   0.2000E-01   0.4096E+01   0.6787E-01
   0.03600001   0.00043135   0.03556866    0.0893671    0.0049733    4.0397209    0.4145417   0.4613E+02   0.9461E+03   0.8999E+03   0.2000E-01   0.4454E+01   0.9434E-01
   0.04100000   0.00058802   0.04041198    0.1191330    0.0075176    4.2741304    0.5501809   0.5115E+02   0.9469E+03   0.8958E+03   0.2000E-01   0.4824E+01   0.1267E+00
   0.04600000   0.00077062   0.04522938    0.1542200    0.0107815    4.5043533    0.7032614   0.5597E+02   0.9478E+03   0.8918E+03   0.2000E-01   0.5208E+01   0.1650E+00
   0.05100000   0.00097852   0.05002148    0.1947055    0.0148249    4.7318150    0.8721790   0.6061E+02   0.9487E+03   0.8881E+03   0.2000E-01   0.5604E+01   0.2095E+00
   0.05600002   0.00121083   0.05478919    0.2406689    0.0196943    4.9581510    1.0551801   0.6507E+02   0.9497E+03   0.8846E+03   0.2000E-01   0.6013E+01   0.2604E+00
   0.06100001   0.00146638   0.05953363    0.2922298    0.0254234    5.1837187    1.2504665   0.6936E+02   0.9506E+03   0.8813E+03   0.2000E-01   0.6434E+01   0.3177E+00
   0.06600001   0.00174395   0.06425606    0.3495739    0.0320346    5.4103210    1.4562579   0.7348E+02   0.9516E+03   0.8782E+03   0.2000E-01   0.6867E+01   0.3816E+00
   0.07100000   0.00204219   0.06895781    0.4129751    0.0395403    5.6391345    1.6708623   0.7745E+02   0.9527E+03   0.8752E+03   0.2000E-01   0.7310E+01   0.4525E+00
   0.07600000   0.00235978   0.07364022    0.4828091    0.0479449    5.8714387    1.8927133   0.8128E+02   0.9537E+03   0.8725E+03   0.2000E-01   0.7764E+01   0.5308E+00
   0.08100000   0.00269542   0.07830458    0.5595631    0.0572467    6.1084501    2.1203999   0.8496E+02   0.9548E+03   0.8699E+03   0.2000E-01   0.8229E+01   0.6168E+00
   0.08600000   0.00304786   0.08295214    0.6438412    0.0674389    6.3516041    2.3526783   0.8851E+02   0.9560E+03   0.8675E+03   0.2000E-01   0.8704E+01   0.7113E+00
   0.09100000   0.00341598   0.08758402    0.7363679    0.0785123    6.6022016    2.5884780   0.9194E+02   0.9571E+03   0.8652E+03   0.2000E-01   0.9191E+01   0.8149E+00
   0.09600001   0.00379875   0.09220126    0.8379905    0.0904562    6.8616406    2.8269192   0.9525E+02   0.9584E+03   0.8631E+03   0.2000E-01   0.9689E+01   0.9284E+00
   0.10100000   0.00419524   0.09680476    0.9496785    0.1032591    7.1310793    3.0672687   0.9846E+02   0.9596E+03   0.8612E+03   0.2000E-01   0.1020E+02   0.1053E+01
   0.10600000   0.00460470   0.10139530    1.0725246    0.1169109    7.4119967    3.3089652   0.1016E+03   0.9609E+03   0.8594E+03   0.2000E-01   0.1072E+02   0.1189E+01
   0.11100000   0.00502646   0.10597354    1.2077446    0.1314027    7.7056538    3.5515932   0.1046E+03   0.9623E+03   0.8577E+03   0.2000E-01   0.1126E+02   0.1339E+01
   0.11600000   0.00548357   0.11051643    1.3548272    0.1464334    7.9915093    3.8164817   0.1074E+03   0.9637E+03   0.8563E+03   0.2000E-01   0.1181E+02   0.1501E+01
   0.12100000   0.00599906   0.11500094    1.5132578    0.1617649    8.2505719    4.1223021   0.1101E+03   0.9652E+03   0.8551E+03   0.2000E-01   0.1237E+02   0.1675E+01
   0.12600000   0.00654815   0.11945184    1.6864165    0.1777523    8.5081312    4.4442172   0.1127E+03   0.9667E+03   0.8541E+03   0.2000E-01   0.1295E+02   0.1864E+01
   0.13100000   0.00712385   0.12387615    1.8764822    0.1945015    8.7723312    4.7751557   0.1151E+03   0.9684E+03   0.8532E+03   0.2000E-01   0.1355E+02   0.2071E+01
   0.13600000   0.00772258   0.12827741    2.0855111    0.2120707    9.0479642    5.1116496   0.1175E+03   0.9701E+03   0.8526E+03   0.2000E-01   0.1416E+02   0.2298E+01
   0.14100000   0.00834220   0.13265780    2.3155865    0.2305009    9.3384599    5.4517416   0.1198E+03   0.9718E+03   0.8521E+03   0.2000E-01   0.1479E+02   0.2546E+01
   0.14600000   0.00898132   0.13701868    2.5688669    0.2498252    9.6465218    5.7942933   0.1220E+03   0.9737E+03   0.8517E+03   0.2000E-01   0.1544E+02   0.2819E+01
   0.15100000   0.00963906   0.14136094    2.8476081    0.2700737    9.9744332    6.1386611   0.1242E+03   0.9758E+03   0.8516E+03   0.2000E-01   0.1611E+02   0.3118E+01
   0.15600000   0.01031486   0.14568514    3.1541769    0.2912749   10.3242127    6.4845190   0.1263E+03   0.9779E+03   0.8516E+03   0.2000E-01   0.1681E+02   0.3445E+01
   0.16100000   0.01100839   0.14999161    3.4910591    0.3134571   10.6977164    6.8317473   0.1284E+03   0.9802E+03   0.8518E+03   0.2000E-01   0.1753E+02   0.3805E+01
   0.16600000   0.01171948   0.15428052    3.8608657    0.3366485   11.0967059    7.1803579   0.1304E+03   0.9826E+03   0.8521E+03   0.2000E-01   0.1828E+02   0.4198E+01
   0.17100000   0.01244807   0.15855193    4.2663361    0.3608772   11.5228965    7.5304412   0.1324E+03   0.9851E+03   0.8527E+03   0.2000E-01   0.1905E+02   0.4627E+01
   0.17600000   0.01319414   0.16280585    4.7103394    0.3861710   11.9779940    7.8821261   0.1344E+03   0.9878E+03   0.8534E+03   0.2000E-01   0.1986E+02   0.5097E+01
   0.18100000   0.01395773   0.16704227    5.1958726    0.4125567   12.4637219    8.2355493   0.1364E+03   0.9907E+03   0.8543E+03   0.2000E-01   0.2070E+02   0.5608E+01
   0.18600000   0.01473883   0.17126116    5.7260563    0.4400596   12.9818420    8.5908315   0.1383E+03   0.9937E+03   0.8555E+03   0.2000E-01   0.2157E+02   0.6166E+01
   0.19100000   0.01553744   0.17546255    6.3041268    0.4687026   13.5341697    8.9480583   0.1402E+03   0.9969E+03   0.8568E+03   0.2000E-01   0.2248E+02   0.6773E+01
   0.19600000   0.01635347   0.17964652    6.9334243    0.4985058   14.1225847    9.3072651   0.1420E+03   0.1000E+04   0.8583E+03   0.2000E-01   0.2343E+02   0.7432E+01
   0.20100003   0.01718680   0.18381323    7.6173767    0.5294848   14.7491300    9.6684213   0.1439E+03   0.1004E+04   0.8601E+03   0.2000E-01   0.2442E+02   0.8147E+01
   0.20600000   0.01803709   0.18796291    8.3594832    0.5616517   15.4155558   10.0314434   0.1457E+03   0.1008E+04   0.8620E+03   0.2000E-01   0.2545E+02   0.8921E+01
   0.21100000   0.01890405   0.19209594    9.1632825    0.5950119   16.1242092   10.3961488   0.1475E+03   0.1012E+04   0.8643E+03   0.2000E-01   0.2652E+02   0.9758E+01
   0.21600000   0.01978719   0.19621280   10.0323321    0.6295655   16.8771717   10.7622924   0.1493E+03   0.1016E+04   0.8667E+03   0.2000E-01   0.2764E+02   0.1066E+02
   0.22100000   0.02068591   0.20031409   10.9701722    0.6653059   17.6766436   11.1295496   0.1511E+03   0.1020E+04   0.8694E+03   0.2000E-01   0.2881E+02   0.1164E+02
   0.22599999   0.02159947   0.20440052   11.9802916    0.7022197   18.5248671   11.4975224   0.1528E+03   0.1025E+04   0.8723E+03   0.2000E-01   0.3002E+02   0.1268E+02
   0.23099999   0.02252704   0.20847296   13.0660904    0.7402864   19.4241043   11.8657454   0.1545E+03   0.1030E+04   0.8755E+03   0.2000E-01   0.3129E+02   0.1381E+02
   0.23599999   0.02346765   0.21253234   14.2308419    0.7794781   20.3766161   12.2336944   0.1562E+03   0.1035E+04   0.8790E+03   0.2000E-01   0.3261E+02   0.1501E+02
   0.24099999   0.02442025   0.21657975   15.4776552    0.8197606   21.3846389   12.6007963   0.1579E+03   0.1041E+04   0.8827E+03   0.2000E-01   0.3399E+02   0.1630E+02
   0.24599999   0.02538368   0.22061631   16.8094242    0.8610920   22.4503711   12.9664278   0.1596E+03   0.1046E+04   0.8867E+03   0.2000E-01   0.3542E+02   0.1767E+02
   0.25099999   0.02635674   0.22464325   18.2288589    0.9034278   23.5758969   13.3299900   0.1612E+03   0.1052E+04   0.8909E+03   0.2000E-01   0.3691E+02   0.1913E+02
   0.25599998   0.02733818   0.22866180   19.7383496    0.9467148   24.7632128   13.6908156   0.1628E+03   0.1058E+04   0.8954E+03   0.2000E-01   0.3845E+02   0.2069E+02
   0.26099997   0.02832667   0.23267331   21.3400340    0.9908972   26.0142618   14.0482657   0.1644E+03   0.1065E+04   0.9002E+03   0.2000E-01   0.4006E+02   0.2233E+02
   0.26599997   0.02932094   0.23667903   23.0357403    1.0359158   27.3307743   14.4017167   0.1660E+03   0.1071E+04   0.9052E+03   0.2000E-01   0.4173E+02   0.2407E+02
   0.27099997   0.03031970   0.24068026   24.8269903    1.0817096   28.7143224   14.7505730   0.1675E+03   0.1078E+04   0.9106E+03   0.2000E-01   0.4346E+02   0.2591E+02
   0.27599997   0.03132172   0.24467825   26.7149935    1.1282160   30.1662997   15.0942766   0.1690E+03   0.1085E+04   0.9161E+03   0.2000E-01   0.4526E+02   0.2784E+02
   0.28099997   0.03232578   0.24867419   28.7006512    1.1753727   31.6879081   15.4323166   0.1705E+03   0.1092E+04   0.9219E+03   0.2000E-01   0.4712E+02   0.2988E+02
   0.28599997   0.03333075   0.25266922   30.7845668    1.2231179   33.2801491   15.7642352   0.1720E+03   0.1100E+04   0.9280E+03   0.2000E-01   0.4904E+02   0.3201E+02
   0.29099997   0.03433557   0.25666440   32.9670606    1.2713914   34.9438194   16.0896324   0.1734E+03   0.1108E+04   0.9343E+03   0.2000E-01   0.5103E+02   0.3424E+02
   0.29599997   0.03533926   0.26066071   35.2481899    1.3201355   36.6795100   16.4081688   0.1748E+03   0.1116E+04   0.9408E+03   0.2000E-01   0.5309E+02   0.3657E+02
   0.30099997   0.03634094   0.26465904   37.6277712    1.3692952   38.4876096   16.7195666   0.1762E+03   0.1124E+04   0.9476E+03   0.2000E-01   0.5521E+02   0.3900E+02
   0.30599998   0.03733980   0.26866018   40.1054051    1.4188187   40.3683105   17.0236080   0.1775E+03   0.1132E+04   0.9546E+03   0.2000E-01   0.5739E+02   0.4152E+02
   0.31099998   0.03833515   0.27266483   42.6805028    1.4686580   42.3216178   17.3201342   0.1788E+03   0.1141E+04   0.9618E+03   0.2000E-01   0.5964E+02   0.4415E+02
   0.31599998   0.03932637   0.27667361   45.3523115    1.5187688   44.3473594   17.6090412   0.1801E+03   0.1149E+04   0.9692E+03   0.2000E-01   0.6196E+02   0.4687E+02
   0.32099998   0.04031295   0.28068703   48.1199409    1.5691107   46.4451994   17.8902761   0.1814E+03   0.1158E+04   0.9768E+03   0.2000E-01   0.6434E+02   0.4969E+02
   0.32599998   0.04129444   0.28470554   50.9823872    1.6196472   48.6146507   18.1638328   0.1826E+03   0.1167E+04   0.9845E+03   0.2000E-01   0.6678E+02   0.5260E+02
   0.33099998   0.04227049   0.28872949   53.9385565    1.6703457   50.8550894   18.4297468   0.1838E+03   0.1176E+04   0.9925E+03   0.2000E-01   0.6928E+02   0.5561E+02
   0.33599998   0.04324081   0.29275917   56.9872857    1.7211770   53.1657692   18.6880902   0.1850E+03   0.1186E+04   0.1001E+04   0.2000E-01   0.7185E+02   0.5871E+02
   0.34099998   0.04420518   0.29679480   60.1273615    1.7721157   55.5458352   18.9389668   0.1862E+03   0.1195E+04   0.1009E+04   0.2000E-01   0.7448E+02   0.6190E+02
   0.34599998   0.04516343   0.30083655   63.3575375    1.8231395   57.9943380   19.1825072   0.1873E+03   0.1205E+04   0.1017E+04   0.2000E-01   0.7718E+02   0.6518E+02
   0.35099998   0.04611546   0.30488452   66.6765488    1.8742292   60.5102467   19.4188647   0.1884E+03   0.1214E+04   0.1026E+04   0.2000E-01   0.7993E+02   0.6855E+02
   0.35599998   0.04706121   0.30893878   70.0831243    1.9253683   63.0924611   19.6482104   0.1895E+03   0.1224E+04   0.1034E+04   0.2000E-01   0.8274E+02   0.7201E+02
   0.36099998   0.04800064   0.31299934   73.5759983    1.9765429   65.7398239   19.8707301   0.1906E+03   0.1234E+04   0.1043E+04   0.2000E-01   0.8561E+02   0.7555E+02
   0.36599998   0.04893379   0.31706620   77.1539182    2.0277416   68.4511308   20.0866203   0.1917E+03   0.1244E+04   0.1052E+04   0.2000E-01   0.8854E+02   0.7918E+02
   0.37099998   0.04986068   0.32113930   80.8156529    2.0789546   71.2251406   20.2960854   0.1927E+03   0.1254E+04   0.1061E+04   0.2000E-01   0.9152E+02   0.8289E+02
   0.37599998   0.05078139   0.32521859   84.5599980    2.1301744   74.0605841   20.4993352   0.1937E+03   0.1264E+04   0.1070E+04   0.2000E-01   0.9456E+02   0.8669E+02
   0.38099999   0.05169601   0.32930398   88.3857802    2.1813950   76.9561717   20.6965821   0.1947E+03   0.1274E+04   0.1080E+04   0.2000E-01   0.9765E+02   0.9057E+02
   0.38599999   0.05260464   0.33339534   92.2918613    2.2326116   79.9106009   20.8880398   0.1957E+03   0.1285E+04   0.1089E+04   0.2000E-01   0.1008E+03   0.9452E+02
   0.39099999   0.05350741   0.33749258   96.2771403    2.2838210   82.9225626   21.0739209   0.1967E+03   0.1295E+04   0.1098E+04   0.2000E-01   0.1040E+03   0.9856E+02
   0.39599999   0.05440445   0.34159554  100.3405552    2.3350210   85.9907462   21.2544362   0.1976E+03   0.1306E+04   0.1108E+04   0.2000E-01   0.1072E+03   0.1027E+03
   0.40099999   0.05529589   0.34570409  104.4810838    2.3862101   89.1138446   21.4297931   0.1986E+03   0.1316E+04   0.1117E+04   0.2000E-01   0.1105E+03   0.1069E+03
   0.40599999   0.05618190   0.34981809  108.6977444    2.4373879   92.2905589   21.6001948   0.1995E+03   0.1327E+04   0.1127E+04   0.2000E-01   0.1139E+03   0.1111E+03
   0.41099999   0.05706261   0.35393738  112.9895959    2.4885546   95.5196010   21.7658398   0.2004E+03   0.1337E+04   0.1137E+04   0.2000E-01   0.1173E+03   0.1155E+03
   0.41599999   0.05793818   0.35806181  117.3557370    2.5397109   98.7996975   21.9269210   0.2013E+03   0.1348E+04   0.1147E+04   0.2000E-01   0.1207E+03   0.1199E+03
   0.42099999   0.05880877   0.36219122  121.7953058    2.5908583  102.1295919   22.0836254   0.2021E+03   0.1359E+04   0.1157E+04   0.2000E-01   0.1242E+03   0.1244E+03
   0.42599999   0.05967453   0.36632545  126.3074789    2.6419982  105.5080470   22.2361339   0.2030E+03   0.1369E+04   0.1166E+04   0.2000E-01   0.1277E+03   0.1289E+03
   0.43099999   0.06053563   0.37046436  130.8914703    2.6931329  108.9338462   22.3846211   0.2039E+03   0.1380E+04   0.1176E+04   0.2000E-01   0.1313E+03   0.1336E+03
   0.43599999   0.06139221   0.37460778  135.5465302    2.7442645  112.4057955   22.5292551   0.2047E+03   0.1391E+04   0.1186E+04   0.2000E-01   0.1349E+03   0.1383E+03
   0.44099999   0.06224442   0.37875556  140.2719435    2.7953956  115.9227243   22.6701975   0.2055E+03   0.1402E+04   0.1196E+04   0.2000E-01   0.1386E+03   0.1431E+03
   0.44599999   0.06309242   0.38290756  145.0670290    2.8465289  119.4834865   22.8076033   0.2063E+03   0.1413E+04   0.1207E+04   0.2000E-01   0.1423E+03   0.1479E+03
   0.45099999   0.06393636   0.38706363  149.9311374    2.8976672  123.0869609   22.9416214   0.2071E+03   0.1424E+04   0.1217E+04   0.2000E-01   0.1460E+03   0.1528E+03
   0.45599999   0.06477636   0.39122363  154.8636503    2.9488135  126.7320521   23.0723941   0.2079E+03   0.1435E+04   0.1227E+04   0.2000E-01   0.1498E+03   0.1578E+03
   0.46099999   0.06561258   0.39538741  159.8639788    2.9999707  130.4176902   23.2000577   0.2087E+03   0.1446E+04   0.1237E+04   0.2000E-01   0.1536E+03   0.1629E+03
   0.46599999   0.06644515   0.39955484  164.9315617    3.0511419  134.1428315   23.3247425   0.2095E+03   0.1457E+04   0.1247E+04   0.2000E-01   0.1575E+03   0.1680E+03
   0.47099999   0.06727420   0.40372579  170.0658650    3.1023301  137.9064584   23.4465729   0.2103E+03   0.1468E+04   0.1258E+04   0.2000E-01   0.1614E+03   0.1732E+03
   0.47599999   0.06809985   0.40790014  175.2663796    3.1535383  141.7075789   23.5656678   0.2110E+03   0.1479E+04   0.1268E+04   0.2000E-01   0.1653E+03   0.1784E+03
   0.48099999   0.06892223   0.41207775  180.5326208    3.2047696  145.5452271   23.6821406   0.2118E+03   0.1490E+04   0.1278E+04   0.2000E-01   0.1692E+03   0.1837E+03
   0.48599999   0.06974147   0.41625852  185.8641268    3.2560269  149.4184623   23.7960994   0.2125E+03   0.1501E+04   0.1289E+04   0.2000E-01   0.1732E+03   0.1891E+03
   0.49099999   0.07055766   0.42044233  191.2604576    3.3073132  153.3263691   23.9076476   0.2132E+03   0.1513E+04   0.1299E+04   0.2000E-01   0.1772E+03   0.1946E+03
   0.49599999   0.07137093   0.42462906  196.7211935    3.3586313  157.2680569   24.0168833   0.2140E+03   0.1524E+04   0.1310E+04   0.2000E-01   0.1813E+03   0.2001E+03
