   0.00100001   0.00000008   0.00099993    0.0004401    0.0000000    0.8424285    0.0001412   0.2585E+01   0.9403E+03   0.9377E+03   0.1000E-01   0.8426E+00   0.4401E-03
   0.00600000   0.00000464   0.00599536    0.0043007    0.0000118    1.8945946    0.0059140   0.1019E+02   0.9416E+03   0.9314E+03   0.1000E-01   0.1901E+01   0.4312E-02
   0.01100000   0.00001980   0.01098021    0.0083987    0.0000816    2.3283594    0.0223079   0.1652E+02   0.9421E+03   0.9256E+03   0.1000E-01   0.2351E+01   0.8480E-02
   0.01600000   0.00004922   0.01595078    0.0137263    0.0002751    2.6034935    0.0516426   0.2238E+02   0.9425E+03   0.9202E+03   0.1000E-01   0.2655E+01   0.1400E-01
   0.02100003   0.00009586   0.02090416    0.0218516    0.0006692    2.8216815    0.0956699   0.2794E+02   0.9430E+03   0.9150E+03   0.1000E-01   0.2917E+01   0.2252E-01
   0.02600000   0.00016212   0.02583788    0.0342186    0.0013487    3.0182730    0.1556981   0.3329E+02   0.9435E+03   0.9103E+03   0.1000E-01   0.3174E+01   0.3557E-01
   0.03100000   0.00025000   0.03075000    0.0520476    0.0024032    3.2138009    0.2326451   0.3846E+02   0.9442E+03   0.9057E+03   0.1000E-01   0.3446E+01   0.5445E-01
   0.03600000   0.00036111   0.03563889    0.0763343    0.0039239    3.4155017    0.3270801   0.4347E+02   0.9450E+03   0.9015E+03   0.1000E-01   0.3743E+01   0.8026E-01
   0.04100000   0.00049665   0.04050335    0.1078782    0.0060019    3.6273528    0.4392604   0.4835E+02   0.9458E+03   0.8975E+03   0.1000E-01   0.4067E+01   0.1139E+00
   0.04600000   0.00065755   0.04534245    0.1473169    0.0087257    3.8511432    0.5691700   0.5309E+02   0.9468E+03   0.8937E+03   0.1000E-01   0.4420E+01   0.1560E+00
   0.05100000   0.00084441   0.05015559    0.1951607    0.0121796    4.0874437    0.7165594   0.5770E+02   0.9479E+03   0.8902E+03   0.1000E-01   0.4804E+01   0.2073E+00
   0.05600002   0.00105758   0.05494244    0.2518255    0.0164428    4.3365319    0.8809846   0.6220E+02   0.9490E+03   0.8868E+03   0.1000E-01   0.5218E+01   0.2683E+00
   0.06100001   0.00129715   0.05970286    0.3176629    0.0215885    4.5973917    1.0618524   0.6658E+02   0.9502E+03   0.8836E+03   0.1000E-01   0.5659E+01   0.3393E+00
   0.06600000   0.00156307   0.06443693    0.3929851    0.0276829    4.8701896    1.2584464   0.7085E+02   0.9515E+03   0.8807E+03   0.1000E-01   0.6129E+01   0.4207E+00
   0.07100001   0.00185512   0.06914489    0.4780890    0.0347860    5.1545802    1.4699693   0.7501E+02   0.9528E+03   0.8778E+03   0.1000E-01   0.6625E+01   0.5129E+00
   0.07600000   0.00217292   0.07382707    0.5732772    0.0429509    5.4500370    1.6955735   0.7907E+02   0.9543E+03   0.8752E+03   0.1000E-01   0.7146E+01   0.6162E+00
   0.08100000   0.00251605   0.07848395    0.6788745    0.0522243    5.7566037    1.9343817   0.8303E+02   0.9557E+03   0.8727E+03   0.1000E-01   0.7691E+01   0.7311E+00
   0.08600000   0.00288396   0.08311604    0.7952445    0.0626471    6.0741019    2.1855157   0.8690E+02   0.9572E+03   0.8703E+03   0.1000E-01   0.8260E+01   0.8579E+00
   0.09100000   0.00327608   0.08772392    0.9228033    0.0742547    6.4025566    2.4481121   0.9067E+02   0.9588E+03   0.8681E+03   0.1000E-01   0.8851E+01   0.9971E+00
   0.09600000   0.00369183   0.09230817    1.0620315    0.0870776    6.7421032    2.7213344   0.9435E+02   0.9604E+03   0.8661E+03   0.1000E-01   0.9463E+01   0.1149E+01
   0.10100001   0.00413059   0.09686942    1.2134862    0.1011426    7.0930728    3.0043990   0.9795E+02   0.9621E+03   0.8642E+03   0.1000E-01   0.1010E+02   0.1315E+01
   0.10600000   0.00459175   0.10140826    1.3778108    0.1164725    7.4555353    3.2965582   0.1015E+03   0.9638E+03   0.8624E+03   0.1000E-01   0.1075E+02   0.1494E+01
   0.11100000   0.00507472   0.10592528    1.5557445    0.1330873    7.8301034    3.5971260   0.1049E+03   0.9656E+03   0.8607E+03   0.1000E-01   0.1143E+02   0.1689E+01
   0.11600000   0.00561863   0.11038136    1.7444463    0.1505154    8.1802295    3.9420053   0.1082E+03   0.9675E+03   0.8593E+03   0.1000E-01   0.1212E+02   0.1895E+01
   0.12100000   0.00623643   0.11476357    1.9432845    0.1686921    8.4955508    4.3394289   0.1112E+03   0.9693E+03   0.8580E+03   0.1000E-01   0.1283E+02   0.2112E+01
   0.12600000   0.00690117   0.11909883    2.1555406    0.1880122    8.8026303    4.7620170   0.1142E+03   0.9712E+03   0.8570E+03   0.1000E-01   0.1356E+02   0.2344E+01
   0.13100000   0.00760484   0.12339516    2.3830066    0.2085988    9.1098456    5.2013554   0.1170E+03   0.9731E+03   0.8561E+03   0.1000E-01   0.1431E+02   0.2592E+01
   0.13600000   0.00834284   0.12765715    2.6273401    0.2305201    9.4222368    5.6527388   0.1198E+03   0.9751E+03   0.8553E+03   0.1000E-01   0.1507E+02   0.2858E+01
   0.14100000   0.00911206   0.13188794    2.8902360    0.2538202    9.7434543    6.1130972   0.1224E+03   0.9772E+03   0.8547E+03   0.1000E-01   0.1586E+02   0.3144E+01
   0.14600000   0.00991015   0.13608985    3.1734867    0.2785295   10.0764212    6.5802749   0.1250E+03   0.9793E+03   0.8543E+03   0.1000E-01   0.1666E+02   0.3452E+01
   0.15100000   0.01073528   0.14026472    3.4790121    0.3046702   10.4236383    7.0526913   0.1276E+03   0.9815E+03   0.8540E+03   0.1000E-01   0.1748E+02   0.3784E+01
   0.15600000   0.01158595   0.14441405    3.8088781    0.3322590   10.7873517    7.5291523   0.1301E+03   0.9839E+03   0.8538E+03   0.1000E-01   0.1832E+02   0.4141E+01
   0.16100000   0.01246091   0.14853909    4.1653102    0.3613084   11.1696556    8.0087330   0.1325E+03   0.9863E+03   0.8538E+03   0.1000E-01   0.1918E+02   0.4527E+01
   0.16600000   0.01335906   0.15264094    4.5506991    0.3918266   11.5725785    8.4906792   0.1348E+03   0.9888E+03   0.8540E+03   0.1000E-01   0.2006E+02   0.4943E+01
   0.17100001   0.01427945   0.15672055    4.9676245    0.4238223   11.9980843    8.9744463   0.1372E+03   0.9915E+03   0.8543E+03   0.1000E-01   0.2097E+02   0.5391E+01
   0.17600000   0.01522118   0.16077882    5.4188251    0.4572967   12.4480962    9.4594710   0.1394E+03   0.9943E+03   0.8549E+03   0.1000E-01   0.2191E+02   0.5876E+01
   0.18100000   0.01618342   0.16481658    5.9072318    0.4922508   12.9247024    9.9453179   0.1416E+03   0.9972E+03   0.8556E+03   0.1000E-01   0.2287E+02   0.6399E+01
   0.18600000   0.01716535   0.16883464    6.4359487    0.5286818   13.4299364   10.4315693   0.1438E+03   0.1000E+04   0.8565E+03   0.1000E-01   0.2386E+02   0.6965E+01
   0.19100000   0.01816617   0.17283383    7.0082486    0.5665830   13.9659158   10.9178183   0.1460E+03   0.1004E+04   0.8576E+03   0.1000E-01   0.2488E+02   0.7575E+01
   0.19600000   0.01918503   0.17681497    7.6275608    0.6059435   14.5348339   11.4036532   0.1481E+03   0.1007E+04   0.8589E+03   0.1000E-01   0.2594E+02   0.8234E+01
   0.20100000   0.02022106   0.18077894    8.2974543    0.6467476   15.1389618   11.8886439   0.1502E+03   0.1011E+04   0.8604E+03   0.1000E-01   0.2703E+02   0.8944E+01
   0.20600000   0.02127332   0.18472668    9.0216148    0.6889745   15.7806485   12.3723329   0.1522E+03   0.1014E+04   0.8621E+03   0.1000E-01   0.2815E+02   0.9711E+01
   0.21100000   0.02234083   0.18865917    9.8038173    0.7325976   16.4623164   12.8542287   0.1542E+03   0.1018E+04   0.8641E+03   0.1000E-01   0.2932E+02   0.1054E+02
   0.21600000   0.02342251   0.19257748   10.6478791    0.7775827   17.1864722   13.3337785   0.1562E+03   0.1022E+04   0.8663E+03   0.1000E-01   0.3052E+02   0.1143E+02
   0.22100000   0.02451724   0.19648276   11.5576781    0.8238941   17.9556053   13.8104719   0.1581E+03   0.1027E+04   0.8687E+03   0.1000E-01   0.3177E+02   0.1238E+02
   0.22600004   0.02562384   0.20037620   12.5370194    0.8714843   18.7724075   14.2836700   0.1600E+03   0.1031E+04   0.8714E+03   0.1000E-01   0.3306E+02   0.1341E+02
   0.23100002   0.02674092   0.20425910   13.5896579    0.9203018   19.6392290   14.7527415   0.1619E+03   0.1036E+04   0.8743E+03   0.1000E-01   0.3439E+02   0.1451E+02
   0.23600000   0.02786721   0.20813279   14.7192312    0.9702886   20.5588043   15.2170312   0.1637E+03   0.1041E+04   0.8776E+03   0.1000E-01   0.3578E+02   0.1569E+02
   0.24099999   0.02900133   0.21199867   15.9292144    1.0213816   21.5336575   15.6758701   0.1655E+03   0.1047E+04   0.8811E+03   0.1000E-01   0.3721E+02   0.1695E+02
   0.24599999   0.03014184   0.21585815   17.2228754    1.0735126   22.5662495   16.1285860   0.1672E+03   0.1052E+04   0.8848E+03   0.1000E-01   0.3869E+02   0.1830E+02
   0.25099998   0.03128731   0.21971268   18.6032348    1.1266093   23.6589486   16.5745156   0.1690E+03   0.1058E+04   0.8889E+03   0.1000E-01   0.4023E+02   0.1973E+02
   0.25599998   0.03243629   0.22356369   20.0730299    1.1805961   24.8140016   17.0130159   0.1707E+03   0.1064E+04   0.8932E+03   0.1000E-01   0.4183E+02   0.2125E+02
   0.26099998   0.03358737   0.22741261   21.6346867    1.2353958   26.0335072   17.4434764   0.1723E+03   0.1070E+04   0.8978E+03   0.1000E-01   0.4348E+02   0.2287E+02
   0.26599998   0.03473917   0.23126081   23.2902993    1.2909297   27.3193922   17.8653295   0.1740E+03   0.1077E+04   0.9026E+03   0.1000E-01   0.4518E+02   0.2458E+02
   0.27099998   0.03589037   0.23510961   25.0416169    1.3471194   28.6733913   18.2780600   0.1755E+03   0.1083E+04   0.9078E+03   0.1000E-01   0.4695E+02   0.2639E+02
   0.27599998   0.03703970   0.23896028   26.8900403    1.4038876   30.0970310   18.6812129   0.1771E+03   0.1090E+04   0.9132E+03   0.1000E-01   0.4878E+02   0.2829E+02
   0.28099998   0.03818600   0.24281398   28.8366257    1.4611592   31.5916180   19.0743986   0.1786E+03   0.1097E+04   0.9189E+03   0.1000E-01   0.5067E+02   0.3030E+02
   0.28599998   0.03932820   0.24667178   30.8820963    1.5188618   33.1582322   19.4572970   0.1801E+03   0.1105E+04   0.9248E+03   0.1000E-01   0.5262E+02   0.3240E+02
   0.29099998   0.04046532   0.25053466   33.0268595    1.5769268   34.7977243   19.8296587   0.1816E+03   0.1113E+04   0.9310E+03   0.1000E-01   0.5463E+02   0.3460E+02
   0.29599998   0.04159649   0.25440349   35.2710300    1.6352897   36.5107171   20.1913049   0.1830E+03   0.1120E+04   0.9374E+03   0.1000E-01   0.5670E+02   0.3691E+02
   0.30099998   0.04272095   0.25827903   37.6144560    1.6938907   38.2976113   20.5421251   0.1844E+03   0.1128E+04   0.9440E+03   0.1000E-01   0.5884E+02   0.3931E+02
   0.30599998   0.04383805   0.26216193   40.0567479    1.7526746   40.1585940   20.8820737   0.1857E+03   0.1137E+04   0.9509E+03   0.1000E-01   0.6104E+02   0.4181E+02
   0.31099998   0.04494722   0.26605276   42.5973081    1.8115915   42.0936501   21.2111654   0.1871E+03   0.1145E+04   0.9580E+03   0.1000E-01   0.6330E+02   0.4441E+02
   0.31599998   0.04604801   0.26995197   45.2353613    1.8705964   44.1025755   21.5294701   0.1884E+03   0.1154E+04   0.9653E+03   0.1000E-01   0.6563E+02   0.4711E+02
   0.32099998   0.04714005   0.27385993   47.9699836    1.9296490   46.1849920   21.8371067   0.1896E+03   0.1162E+04   0.9728E+03   0.1000E-01   0.6802E+02   0.4990E+02
   0.32599998   0.04822307   0.27777691   50.8001301    1.9887140   48.3403628   22.1342372   0.1909E+03   0.1171E+04   0.9805E+03   0.1000E-01   0.7047E+02   0.5279E+02
   0.33099998   0.04929687   0.28170311   53.7246608    2.0477605   50.5680086   22.4210605   0.1921E+03   0.1180E+04   0.9884E+03   0.1000E-01   0.7299E+02   0.5577E+02
   0.33599998   0.05036130   0.28563868   56.7423637    2.1067618   52.8671235   22.6978066   0.1933E+03   0.1190E+04   0.9964E+03   0.1000E-01   0.7556E+02   0.5885E+02
   0.34099998   0.05141630   0.28958368   59.8519762    2.1656952   55.2367906   22.9647306   0.1944E+03   0.1199E+04   0.1005E+04   0.1000E-01   0.7820E+02   0.6202E+02
   0.34599998   0.05246185   0.29353813   63.0522030    2.2245415   57.6759972   23.2221078   0.1956E+03   0.1209E+04   0.1013E+04   0.1000E-01   0.8090E+02   0.6528E+02
   0.35099998   0.05349799   0.29750199   66.3417321    2.2832850   60.1836488   23.4702288   0.1967E+03   0.1218E+04   0.1021E+04   0.1000E-01   0.8365E+02   0.6863E+02
   0.35599998   0.05452477   0.30147521   69.7192483    2.3419127   62.7585826   23.7093951   0.1978E+03   0.1228E+04   0.1030E+04   0.1000E-01   0.8647E+02   0.7206E+02
   0.36099998   0.05554232   0.30545766   73.1834444    2.4004144   65.3995795   23.9399155   0.1988E+03   0.1238E+04   0.1039E+04   0.1000E-01   0.8934E+02   0.7558E+02
   0.36599998   0.05655076   0.30944922   76.7330304    2.4587822   68.1053755   24.1621024   0.1999E+03   0.1248E+04   0.1048E+04   0.1000E-01   0.9227E+02   0.7919E+02
   0.37099998   0.05755024   0.31344974   80.3667412    2.5170104   70.8746717   24.3762693   0.2009E+03   0.1258E+04   0.1057E+04   0.1000E-01   0.9525E+02   0.8288E+02
   0.37599998   0.05854096   0.31745902   84.0833421    2.5750949   73.7061438   24.5827285   0.2019E+03   0.1268E+04   0.1066E+04   0.1000E-01   0.9829E+02   0.8666E+02
   0.38099998   0.05952310   0.32147689   87.8816332    2.6330333   76.5984495   24.7817884   0.2029E+03   0.1278E+04   0.1075E+04   0.1000E-01   0.1014E+03   0.9051E+02
   0.38599998   0.06049685   0.32550313   91.7604533    2.6908248   79.5502366   24.9737528   0.2038E+03   0.1288E+04   0.1084E+04   0.1000E-01   0.1045E+03   0.9445E+02
   0.39099998   0.06146245   0.32953753   95.7186815    2.7484694   82.5601485   25.1589187   0.2048E+03   0.1299E+04   0.1094E+04   0.1000E-01   0.1077E+03   0.9847E+02
   0.39599998   0.06242010   0.33357988   99.7552390    2.8059683   85.6268304   25.3375758   0.2057E+03   0.1309E+04   0.1103E+04   0.1000E-01   0.1110E+03   0.1026E+03
   0.40099998   0.06337004   0.33762995  103.8690897    2.8633237   88.7489334   25.5100055   0.2066E+03   0.1319E+04   0.1113E+04   0.1000E-01   0.1143E+03   0.1067E+03
   0.40599998   0.06431247   0.34168751  108.0592406    2.9205382   91.9251191   25.6764803   0.2075E+03   0.1330E+04   0.1122E+04   0.1000E-01   0.1176E+03   0.1110E+03
   0.41099998   0.06524764   0.34575235  112.3247414    2.9776153   95.1540631   25.8372636   0.2084E+03   0.1341E+04   0.1132E+04   0.1000E-01   0.1210E+03   0.1153E+03
   0.41599998   0.06617575   0.34982423  116.6646837    3.0345588   98.4344575   25.9926088   0.2093E+03   0.1351E+04   0.1142E+04   0.1000E-01   0.1244E+03   0.1197E+03
   0.42099998   0.06709705   0.35390294  121.0782003    3.0913730  101.7650138   26.1427601   0.2101E+03   0.1362E+04   0.1152E+04   0.1000E-01   0.1279E+03   0.1242E+03
   0.42599998   0.06801173   0.35798825  125.5644642    3.1480626  105.1444649   26.2879517   0.2109E+03   0.1373E+04   0.1162E+04   0.1000E-01   0.1314E+03   0.1287E+03
   0.43099998   0.06892003   0.36207995  130.1226868    3.2046323  108.5715665   26.4284082   0.2118E+03   0.1383E+04   0.1172E+04   0.1000E-01   0.1350E+03   0.1333E+03
   0.43599998   0.06982215   0.36617783  134.7521173    3.2610872  112.0450986   26.5643447   0.2126E+03   0.1394E+04   0.1182E+04   0.1000E-01   0.1386E+03   0.1380E+03
   0.44099998   0.07071830   0.37028169  139.4520404    3.3174325  115.5638666   26.6959669   0.2134E+03   0.1405E+04   0.1192E+04   0.1000E-01   0.1423E+03   0.1428E+03
   0.44599998   0.07160867   0.37439131  144.2217753    3.3736735  119.1267018   26.8234713   0.2142E+03   0.1416E+04   0.1202E+04   0.1000E-01   0.1460E+03   0.1476E+03
   0.45099998   0.07249348   0.37850651  149.0606742    3.4298155  122.7324625   26.9470456   0.2150E+03   0.1427E+04   0.1212E+04   0.1000E-01   0.1497E+03   0.1525E+03
   0.45599998   0.07337289   0.38262709  153.9681204    3.4858639  126.3800337   27.0668689   0.2157E+03   0.1438E+04   0.1222E+04   0.1000E-01   0.1534E+03   0.1575E+03
   0.46099999   0.07424711   0.38675287  158.9435273    3.5418240  130.0683277   27.1831119   0.2165E+03   0.1449E+04   0.1232E+04   0.1000E-01   0.1573E+03   0.1625E+03
   0.46599999   0.07511631   0.39088368  163.9863366    3.5977012  133.7962840   27.2959373   0.2172E+03   0.1460E+04   0.1242E+04   0.1000E-01   0.1611E+03   0.1676E+03
   0.47099999   0.07598066   0.39501932  169.0960168    3.6535008  137.5628695   27.4055001   0.2180E+03   0.1471E+04   0.1253E+04   0.1000E-01   0.1650E+03   0.1727E+03
   0.47599999   0.07684033   0.39915965  174.2720622    3.7092279  141.3670781   27.5119481   0.2187E+03   0.1482E+04   0.1263E+04   0.1000E-01   0.1689E+03   0.1780E+03
   0.48099999   0.07769549   0.40330449  179.5139911    3.7648878  145.2079301   27.6154218   0.2194E+03   0.1493E+04   0.1273E+04   0.1000E-01   0.1728E+03   0.1833E+03
   0.48599999   0.07854629   0.40745370  184.8213451    3.8204854  149.0844729   27.7160549   0.2201E+03   0.1504E+04   0.1284E+04   0.1000E-01   0.1768E+03   0.1886E+03
   0.49099999   0.07939288   0.41160711  190.1936874    3.8760258  152.9957793   27.8139749   0.2208E+03   0.1515E+04   0.1294E+04   0.1000E-01   0.1808E+03   0.1941E+03
   0.49599999   0.08023541   0.41576458  195.6306016    3.9315138  156.9409483   27.9093028   0.2215E+03   0.1526E+04   0.1305E+04   0.1000E-01   0.1849E+03   0.1996E+03
