   1.0000110339751160E-003   4.7628927243512156E-003   2.2303435746815565E-006
   5.9999999471485902E-003   2.8609524069751507E-002   2.1854580565209278E-005
   1.1000004479343062E-002   5.2475888272566475E-002   4.2976120529478837E-005
   1.6000004913040648E-002   7.6353252298650337E-002   7.0955879727180982E-005
   2.1000026975728669E-002  0.10024154930252799        1.1413018665149640E-004
   2.5999999867862365E-002  0.12414239746679695        1.8024658129276133E-004
   3.0999999768830583E-002  0.14805874132869240        2.7594302987160645E-004
   3.5999999905013909E-002  0.17199321025306666        4.0672890420928614E-004
   4.0999999158296697E-002  0.19594848271252402        5.7711661392370291E-004
   4.5999998997534070E-002  0.21992709251748505        7.9078547265874679E-004
   5.0999998882760897E-002  0.24393137804052967        1.0507501543021902E-003
   5.6000019196000603E-002  0.26796357175752367        1.3595186241265808E-003
   6.1000008957903924E-002  0.29202544327918922        1.7192432469382091E-003
   6.6000004206240193E-002  0.31611895343189322        2.1318427003578560E-003
   7.1000008031906855E-002  0.34024579393892235        2.5991255610222953E-003
   7.5999998560977930E-002  0.36440745168446836        3.1228939749689856E-003
   8.0999998227953840E-002  0.38860549611160128        3.7050305485222985E-003
   8.5999998101829345E-002  0.41284131496217863        4.3475853882873877E-003
   9.0999997988585143E-002  0.43711628951978371        5.0528463105900248E-003
   9.5999997876621695E-002  0.46143178292467285        5.8234041464865173E-003
  0.10100001272479778       0.48578921444931855        6.6622176489463019E-003
  0.10600000435906877       0.51018983654771288        7.5726629641562834E-003
  0.11100000051812710       0.53463517290949880        8.5585875695362579E-003
  0.11599999818427076       0.55912640400316416        9.6032034134671835E-003
  0.12099999756767875       0.58366373407613248        1.0702981847557681E-002
  0.12599999733860609       0.60824799010378838        1.1876553398035204E-002
  0.13099999717826696       0.63288043417361295        1.3133623445330228E-002
  0.13599999703847018       0.65756258071586471        1.4482937885187267E-002
  0.14099999691205301       0.68229615345508687        1.5933309190279778E-002
  0.14599999679195058       0.70708307336815568        1.7493975385516183E-002
  0.15099999667362834       0.73192545620763205        1.9174778307819003E-002
  0.15599999655749677       0.75682561504633816        2.0986272236177647E-002
  0.16099999644233595       0.78178606536540307        2.2939797969443846E-002
  0.16599999631215526       0.80680952962433050        2.5047513780152460E-002
  0.17100000744497684       0.83189898482321223        2.7322536046083746E-002
  0.17599999783706685       0.85705749905455009        2.9778750650362031E-002
  0.18099999634983113       0.88228854690666680        3.2431015499718184E-002
  0.18599999596033687       0.90759573532932969        3.5295047079903406E-002
  0.19099999578057930       0.93298292738497257        3.8387397167243965E-002
  0.19599999564989071       0.95845422933884650        4.1725389809967706E-002
  0.20099999553239195       0.98401398914645466        4.5327031880517586E-002
  0.20599999541883224        1.0096667937745603        4.9210896389696362E-002
  0.21099999530642907        1.0354174638070250        5.3395978335119644E-002
  0.21599999519447191        1.0612710412580557        5.7901451265912077E-002
  0.22099999508264148        1.0872327939090014        6.2746785671544070E-002
  0.22600004142520971        1.1133082747604599        6.7951023691296034E-002
  0.23100001657333963        1.1395028540383079        7.3532933550792628E-002
  0.23600000121180406        1.1658225072200612        7.9510656638764082E-002
  0.24099999180275355        1.1922731464412364        8.5901482958288006E-002
  0.24599998615842494        1.2188607896445471        9.2721628499782216E-002
  0.25099998287745506        1.2455915289615667        9.9986033478754274E-002
  0.25599998105595140        1.2724714984573997       0.10770818853483988     
  0.26099998013224301        1.2995068416126374       0.11589999554890193     
  0.26599997971685707        1.3267036789534612       0.12457166806859185     
  0.27099997958270755        1.3540680769895195       0.13373167389873106     
  0.27599997957794326        1.3816060185978123       0.14338672007369743     
  0.28099997959811229        1.4093233757757411       0.15354177822931642     
  0.28599997960104817        1.4372258852101205       0.16420014642623573     
  0.29099997956662610        1.4653191267919872       0.17536354207789234     
  0.29599997947719170        1.4936085054665489       0.18703221953602239     
  0.30099997935406753        1.5220992365863797       0.19920510578908934     
  0.30599997920497651        1.5507963343929858       0.21187994742529745     
  0.31099997903988413        1.5797046038572973       0.22505346294735806     
  0.31599997888406772        1.6088286354919190       0.23872149488221855     
  0.32099997874459119        1.6381728027674809       0.25287915742280365     
  0.32599997864281521        1.6677412620756156       0.26752097602203834     
  0.33099997858003910        1.6975379546121778       0.28264101658473506     
  0.33599997856458402        1.7275666101439531       0.29823300267512926     
  0.34099997860193121        1.7578307521213690       0.31429041983291844     
  0.34599997868853027        1.7883337039319118       0.33080660696561554     
  0.35099997882136208        1.8190785960576847       0.34777483499228612     
  0.35599997900314290        1.8500683738505985       0.36518837345642557     
  0.36099997922941374        1.8813058056838838       0.38304054598645909     
  0.36599997948696389        1.9127934913769200       0.40132477558709972     
  0.37099997977658117        1.9445338707674162       0.42003462093886723     
  0.37599998008840563        1.9765292321531873       0.43916380474583971     
  0.38099998041849259        2.0087817207069896       0.45870623516935111     
  0.38599998075846220        2.0412933466286765       0.47865602141833513     
  0.39099998110771972        2.0740659930984275       0.49900748434601000     
  0.39599998145982485        2.1071014238674355       0.51975516289485268     
  0.40099998180833074        2.1404012905779508       0.54089381714215634     
  0.40599998215725530        2.1739671397353701       0.56241842854069390     
  0.41099998249445624        2.2078004192548994       0.58432419794370427     
  0.41599998282071138        2.2419024847717144       0.60660654188538898     
  0.42099998313537762        2.2762746054998906       0.62926108748017995     
  0.42599998343869666        2.3109179697837487       0.65228366631272428     
  0.43099998372602699        2.3458336902924621       0.67567030759325319     
  0.43599998399788970        2.3810228089281336       0.69941723079196949     
  0.44099998425268083        2.4164863013816746       0.72352083796820543     
  0.44599998449133366        2.4522250814221134       0.74797770589609403     
  0.45099998471406444        2.4882400048884610       0.77278457819046653     
  0.45599998492060578        2.5245318734211506       0.79793835743291164     
  0.46099998510904189        2.5611014379433885       0.82343609745373958     
  0.46599998528550990        2.5979494019353093       0.84927499578509169     
  0.47099998544332700        2.6350764244139273       0.87545238632809763     
  0.47599998558740447        2.6724831228169093       0.90196573228343313     
  0.48099998571659963        2.7101700755939135       0.92881261935955861     
  0.48599998583263532        2.7481378246820438       0.95599074925466643     
  0.49099998593405358        2.7863868777833818       0.98349793344683967     
  0.49599998602486584        2.8249177105139704        1.0113320872757585     
