   1.0000110339751160E-003   9.9992848174033987E-004   8.2552234776078452E-008   8.2551323906824678E-005   4.4010477621761284E-004
   5.9999999471485902E-003   5.9953636006366178E-003   4.6363465119725199E-006   7.7272442546868255E-004   4.3124769646104861E-003
   1.1000004479343062E-002   1.0980205614785106E-002   1.9798864557955852E-005   1.7998960450549080E-003   8.4803059595999399E-003
   1.6000004913040648E-002   1.5950780177897236E-002   4.9224735143411967E-005   3.0765450017638325E-003   1.4001439923045714E-002
   2.1000026975728669E-002   2.0904163355317584E-002   9.5863620411086031E-005   4.5649284413721430E-003   2.2520853211193178E-002
   2.5999999867862365E-002   2.5837883237495075E-002   1.6211663036728825E-004   6.2352550458153891E-003   3.5567336900175418E-002
   3.0999999768830583E-002   3.0749996610763643E-002   2.5000315806693871E-004   8.0646180622977997E-003   5.4450734312444612E-002
   3.5999999905013909E-002   3.5638894621751023E-002   3.6110528326288447E-004   1.0030702339323936E-002   8.0258187752001595E-002
   4.0999999158296697E-002   4.0503345453404789E-002   4.9665370489191090E-004   1.2113505246046055E-002  0.11388011295910860     
   4.5999998997534070E-002   4.5342446766949610E-002   6.5755223058446097E-004   1.4294614019876620E-002  0.15604253417785988     
   5.0999998882760897E-002   5.0155591923663555E-002   8.4440695909734388E-004   1.6556999560695514E-002  0.20734032494783397     
   5.6000019196000603E-002   5.4942437290193567E-002   1.0575819058070324E-003   1.8885384701485292E-002  0.26826837202440168     
   6.1000008957903924E-002   5.9702858937084664E-002   1.2971500208192629E-003   2.1264751316912519E-002  0.33925139294532902     
   6.6000004206240193E-002   6.4436931694928548E-002   1.5630725113116378E-003   2.3682915328721323E-002  0.42066799269081429     
   7.1000008031906855E-002   6.9144885415782731E-002   1.8551226161241262E-003   2.6128484595247487E-002  0.51287505045428539     
   7.5999998560977930E-002   7.3827073888566935E-002   2.1729246724109938E-003   2.8591114652029459E-002  0.61622817650473005     
   8.0999998227953840E-002   7.8483951992037143E-002   2.5160462359166916E-003   3.1062299888401493E-002  0.73109885801771102     
   8.5999998101829345E-002   8.3116042414767291E-002   2.8839556870620597E-003   3.3534369194372270E-002  0.85789163432919702     
   9.0999997988585143E-002   8.7723916186538714E-002   3.2760818020464251E-003   3.6000899719331535E-002  0.99705795108348716     
   9.5999997876621695E-002   9.2308171641836634E-002   3.6918262347850682E-003   3.8456524129612681E-002   1.1491090466095986     
  0.10100001272479778        9.6869419234337950E-002   4.1305934904598248E-003   4.0896960099547304E-002   1.3146287597959778     
  0.10600000435906877       0.10140825820910376        4.5917461499650029E-003   4.3318358123936800E-002   1.4942832920651028     
  0.11100000051812710       0.10592528092035379        5.0747195977733119E-003   4.5718194361130421E-002   1.6888318507463116     
  0.11599999818427076       0.11038136434160815        5.6186338426626016E-003   4.8436499401811807E-002   1.8949617167658255     
  0.12099999756767875       0.11476357132318198        6.2364262444967768E-003   5.1540713800498759E-002   2.1119765960511669     
  0.12599999733860609       0.11909882964938003        6.9011676892260692E-003   5.4771173293601080E-002   2.3435527758206947     
  0.13099999717826696       0.12339516200767114        7.6048351705958282E-003   5.8052178125218144E-002   2.5916053799732324     
  0.13599999703847018       0.12765715488636484        8.3428421521053574E-003   6.1344428924843479E-002   2.8578602011324623     
  0.14099999691205301       0.13188793937357177        9.1120575384812368E-003   6.4624522964810915E-002   3.1440561692811473     
  0.14599999679195058       0.13608984953112196        9.9101472608286237E-003   6.7877722456052822E-002   3.4520161869223664     
  0.15099999667362834       0.14026472005349538        1.0735276620132956E-002   7.1094548719336736E-002   3.7836823043686922     
  0.15599999655749677       0.14441404767901977        1.1585948878476996E-002   7.4268904706076541E-002   4.1411371552759899     
  0.16099999644233595       0.14853909064479098        1.2460905797544967E-002   7.7396932129796578E-002   4.5266185741184763     
  0.16599999631215526       0.15264093635437975        1.3359059957775492E-002   8.0476266593731735E-002   4.9425257041823638     
  0.17100000744497684       0.15672055391971856        1.4279453525258286E-002   8.3505572535445799E-002   5.3914467478295212     
  0.17599999783706685       0.16077882139221950        1.5221176444847344E-002   8.6483958135831610E-002   5.8761217508333381     
  0.18099999634983113       0.16481658066800509        1.6183415681826054E-002   8.9411138166805557E-002   6.3994825644973901     
  0.18599999596033687       0.16883464400310985        1.7165351957227022E-002   9.2286840484057900E-002   6.9646304600890190     
  0.19099999578057930       0.17283382667452954        1.8166169106049773E-002   9.5110835117080628E-002   7.5748315334235823     
  0.19599999564989071       0.17681496612888883        1.9185029521001880E-002   9.7882805851034607E-002   8.2335042696416867     
  0.20099999553239195       0.18077893903775130        2.0221056494640649E-002  0.10060227335369241        8.9442018928550127     
  0.20599999541883224       0.18472667527179984        2.1273320147032385E-002  0.10326854669962583        9.7105893409932236     
  0.21099999530642907       0.18865916852011724        2.2340826786311829E-002  0.10588069802497818        10.536414820955818     
  0.21599999519447191       0.19257748331465596        2.3422511879815946E-002  0.10843755741164664        11.425461772497366     
  0.22099999508264148       0.19648275824936651        2.4517236833274968E-002  0.11093772569590742        12.381572229423105     
  0.22600004142520971       0.20037620272982687        2.5623838695382838E-002  0.11337979645398669        13.408503700908680     
  0.23100001657333963       0.20425909856449753        2.6740918008842096E-002  0.11576154151639287        14.509959645843706     
  0.23600000121180406       0.20813278985536393        2.7867211356440123E-002  0.11808140344639237        15.689519831900760     
  0.24099999180275355       0.21199866530236980        2.9001326500383749E-002  0.12033745845153342        16.950596026227139     
  0.24599998615842494       0.21585814762478439        3.0141838533640566E-002  0.12252780581145686        18.296388065348026     
  0.25099998287745506       0.21971267653081430        3.1287306346640779E-002  0.12465063139831402        19.729844042228667     
  0.25599998105595140       0.22356369039374857        3.2436290662202848E-002  0.12670426977536989        21.253626010825812     
  0.26099998013224301       0.22741260746733058        3.3587372664912414E-002  0.12868726138559253        22.870082521682622     
  0.26599997971685707       0.23126080745833261        3.4739172258524451E-002  0.13059840190778385        24.581228973302956     
  0.27099997958270755       0.23510961438771186        3.5890365194995687E-002  0.13243678191511510        26.388736283741004     
  0.27599997957794326       0.23896028129987509        3.7039698278068148E-002  0.13420181528530883        28.293927925262420     
  0.28099997959811229       0.24281397743607033        3.8186002162041960E-002  0.13589325599473634        30.297784930878091     
  0.28599997960104817       0.24667177821069208        3.9328201390356060E-002  0.13751120348056112        32.400958093703395     
  0.29099997956662610       0.25053465808751152        4.0465321479114594E-002  0.13905609732130522        34.603786304062183     
  0.29599997947719170       0.25440348636855542        4.1596493108636307E-002  0.14052870267797274        36.906319752165153     
  0.30099997935406753       0.25827902576634942        4.2720953587718075E-002  0.14193008809965810        39.308346704937840     
  0.30599997920497651       0.26216193335338378        4.3838045851592726E-002  0.14326159748601638        41.809422505644243     
  0.31099997903988413       0.26605276365414604        4.4947215385738072E-002  0.14452481805464631        44.408899629550376     
  0.31599997888406772       0.26995197341272598        4.6048005471341726E-002  0.14572154603920259        47.105957699128659     
  0.32099997874459119       0.27385992761473144        4.7140051129859729E-002  0.14685375156167058        49.899632617612149     
  0.32599997864281521       0.27777690644011277        4.8223072202702451E-002  0.14792354405500893        52.788844114524736     
  0.33099997858003910       0.28170311271351284        4.9296865866526263E-002  0.14893313914401293        55.772421238599428     
  0.33599997856458402       0.28563867963834311        5.0361298926240937E-002  0.14988482779489457        58.849125485872555     
  0.34099997860193121       0.28958367849022842        5.1416300111702791E-002  0.15078094820564192        62.017671383950464     
  0.34599997868853027       0.29353812611131491        5.2461852577215390E-002  0.15162386071833153        65.276744526097048     
  0.35099997882136208       0.29750199206212224        5.3497986759239835E-002  0.15241592588946309        68.625017089687844     
  0.35599997900314290       0.30147520531757577        5.4524773685567143E-002  0.15315948567818813        72.061160980662635     
  0.36099997922941374       0.30545766043061978        5.5542318798793983E-002  0.15385684763016871        75.583858777324025     
  0.36599997948696389       0.30944922315255441        5.6550756334409494E-002  0.15451027186853628        79.191812667500031     
  0.37099997977658117       0.31344973551228805        5.7550244264293088E-002  0.15512196065064546        82.883751611382920     
  0.37599998008840563       0.31745902031163814        5.8540959776767515E-002  0.15569405020447949        86.658436935277564     
  0.38099998041849259       0.32147688512121153        5.9523095297281052E-002  0.15622860461016438        90.514666561027369     
  0.38599998075846220       0.32550312576195423        6.0496854996507948E-002  0.15672761143053940        94.451278082394396     
  0.39099998110771972       0.32953752934595293        6.1462451761766804E-002  0.15719297885294276        98.467150856060769     
  0.39599998145982485       0.33357987687568441        6.2420104584140462E-002  0.15762653410748489        102.56120727338970     
  0.40099998180833074       0.33762994548799669        6.3370036320334056E-002  0.15803002293058346        106.73241336139314     
  0.40599998215725530       0.34168751035342748        6.4312471803827806E-002  0.15840510992662499        110.97977883022097     
  0.41099998249445624       0.34575234625780932        6.5247636236646936E-002  0.15875337960027047        115.30235668343938     
  0.41599998282071138       0.34982422895793752        6.6175753862773828E-002  0.15907633797017345        119.69924248407627     
  0.42099998313537762       0.35390293627388797        6.7097046861489651E-002  0.15937541460640342        124.16957334811399     
  0.42599998343869666       0.35798824899488108        6.8011734443815600E-002  0.15965196499497705        128.71252673882464     
  0.43099998372602699       0.36207995160565021        6.8920032120376756E-002  0.15990727313852299        133.32731911614627     
  0.43599998399788970       0.36617783287540928        6.9822151122480400E-002  0.16014255432362207        138.01320448325617     
  0.44099998425268083       0.37028168630707958        7.0718297945601277E-002  0.16035895798373009        142.76947287291409     
  0.44599998449133366       0.37439131048464364        7.1608674006690007E-002  0.16055757062045695        147.59544879365265     
  0.45099998471406444       0.37850650932720936        7.2493475386855064E-002  0.16073941872263295        152.49048967601200     
  0.45599998492060578       0.38262709226207609        7.3372892658529684E-002  0.16090547167738317        157.45398431880670     
  0.46099998510904189       0.38675287433553646        7.4247110773505445E-002  0.16105664462428024        162.48535136615661     
  0.46599998528550990       0.39088367627730553        7.5116309008204346E-002  0.16119380124482605        167.58403781828900     
  0.47099998544332700       0.39501932449491650        7.5980660948410508E-002  0.16131775646849328        172.74951758457820     
  0.47599998558740447       0.39915965106676593        7.6840334520638529E-002  0.16142927909086857        177.98129008856071     
  0.48099998571659963       0.40330449367286897        7.7695492043730649E-002  0.16152909428464735        183.27887892774424     
  0.48599998583263532       0.40745369551999877        7.8546290312636560E-002  0.16161788601303723        188.64183058742631     
  0.49099998593405358       0.41160710523900385        7.9392880695049725E-002  0.16169629932680490        194.06971321533109     
  0.49599998602486584       0.41576457677363138        8.0235409251234444E-002  0.16176494256435731        199.56211545377633     
