   1.0000110339751160E-003  0.84256972532788321       0.94451597059375392        1.4191684695888241E-007   4.4006111849520898E-004   4.3657722403849007E-008
   5.9999999471485902E-003   1.9005086236020812        5.6734401069396334        3.5660629964113007E-005   4.3007078935892538E-003   1.1769071021232271E-005
   1.1000004479343062E-002   2.3506672437021106        10.406101984551428        2.4660657637089764E-004   8.3986664599324159E-003   8.1639499667523566E-005
   1.6000004913040648E-002   2.6551361748725766        15.140572368267200        8.3039101619683921E-004   1.3726299176723676E-002   2.7514074632203629E-004
   2.1000026975728669E-002   2.9173513685954657        19.876605958391849        2.0190577028408661E-003   2.1851611441378222E-002   6.6924176981495776E-004
   2.5999999867862365E-002   3.1739711159194144        24.614267977126726        4.0682817603409057E-003   3.4218588263123850E-002   1.3487486370515702E-003
   3.0999999768830583E-002   3.4464459156496341        29.353872550834620        7.2478598792692838E-003   5.2047583434419162E-002   2.4031508780254468E-003
   3.5999999905013909E-002   3.7425817754021460        34.095665458165271        1.1833435497789410E-002   7.6334310691650614E-002   3.9238770603509821E-003
   4.0999999158296697E-002   4.0666132414334237        38.839903634619681        1.8099233625548841E-002  0.10787822782539915        6.0018851337094448E-003
   4.5999998997534070E-002   4.4203131961776609        43.586822794701447        2.6312012711152150E-002  0.14731687778277519        8.7256563950846612E-003
   5.0999998882760897E-002   4.8040030982101882        48.336632173937083        3.6726253441462423E-002  0.19516072524467795        1.2179599703156069E-002
   5.6000019196000603E-002   5.2175164534811129        53.089535981268618        4.9580463002657192E-002  0.25182554635795673        1.6442825666444918E-002
   6.1000008957903924E-002   5.6592440556731018        57.845664694532374        6.5095090177331463E-002  0.31766293783994937        2.1588455105379680E-002
   6.6000004206240193E-002   6.1286360309754073        62.605206815395576        8.3470479363967579E-002  0.39298505224454072        2.7682940446273493E-002
   7.1000008031906855E-002   6.6245494976996895        67.368317646427741       0.10488680896958499       0.47808900517964392        3.4786045274641575E-002
   7.5999998560977930E-002   7.1456104893365415        72.135131742496228       0.12950438402767384       0.57327723511262119        4.2950941392108893E-002
   8.0999998227953840E-002   7.6909854139905001        76.905819483458501       0.15746405660496560       0.67887450975204389        5.2224348265667200E-002
   8.5999998101829345E-002   8.2596176270178567        81.680532911922597       0.18888898335157686       0.79524451835545029        6.2647115973746739E-002
   9.0999997988585143E-002   8.8506687091321812        86.459439106668071       0.22388600402361403       0.92280326863680395        7.4254682446683318E-002
   9.5999997876621695E-002   9.4634376184993059        91.242716304967900       0.26254720193057163        1.0620314555613990        8.7077591048199537E-002
  0.10100001272479778        10.097471800241269        96.030565307298730       0.30495322860320601        1.2134861664907111       0.10114259330526701     
  0.10600000435906877        10.752093543569980        100.82316577550880       0.35117279288819908        1.3778108125867479       0.11647247947835493     
  0.11100000051812710        11.427229426551124        105.62075928531205       0.40126647775994040        1.5557445062235351       0.13308734452277626     
  0.11599999818427076        12.122234837420617        110.41926773667990       0.45954647869520432        1.7444462970674293       0.15051541969839591     
  0.12099999756767875        12.834979696919575        115.21706253344298       0.52768189560630319        1.9432844766694708       0.16869211938169609     
  0.12599999733860609        13.564647275039654        120.01698259049276       0.60299780880814802        2.1555405743589215       0.18801220146177294     
  0.13099999717826696        14.311200945067876        124.82000659139888       0.68476581581669127        2.3830066032496795       0.20859877672355337     
  0.13599999703847018        15.074975597395254        129.62682545093219       0.77259532434631373        2.6273400909477358       0.23052011018472651     
  0.14099999691205301        15.856551522393254        134.43803445581108       0.86623287473609478        2.8902360055181360       0.25382016376301153     
  0.14599999679195058        16.656696114592275        139.25419554518439       0.96549747146039011        3.1734867138899672       0.27852947303239950     
  0.15099999667362834        17.476329658702028        144.07586534224711        1.0702520603759520        3.4790120649519518       0.30467023941674071     
  0.15599999655749677        18.316504046640084        148.90361079033769        1.1803883972325262        3.8088781114628367       0.33225904381315291     
  0.16099999644233595        19.178388577680007        153.73801942082866        1.2958177887785547        4.1653102142992751       0.36130835981920123     
  0.16599999631215526        20.063257709107098        158.57970987103545        1.4164614811299752        4.5506991460845949       0.39182655809776984     
  0.17100000744497684        20.972530566812960        163.42933046309426        1.5422615128234314        4.9676244674071786       0.42382228042234188     
  0.17599999783706685        21.907567142504270        168.28756178835116        1.6731457174702167        5.4188250735102335       0.45729667732310464     
  0.18099999634983113        22.870020313864959        173.15515313662911        1.8090538412691786        5.9072317565425250       0.49225080795486570     
  0.18599999596033687        23.861505651060138        178.03288547318243        1.9499202032206389        6.4359486665966381       0.52868179349238142     
  0.19099999578057930        24.883734149834247        182.92159686065719        2.0956728139292591        7.0082485550268290       0.56658297839675409     
  0.19599999564989071        25.938487062694257        187.82218277147823        2.2462305031005481        7.6275608010270117       0.60594346861467407     
  0.20099999553239195        27.027605675588017        192.73559852254186        2.4015001848954212        8.2974542757782075       0.64674761707680517     
  0.20599999541883224        28.152981456103692        197.66286118771774        2.5613744141648502        9.0216148222518591       0.68897451874136428     
  0.21099999530642907        29.316545063188954        202.60505059095388        2.7257293236435820        9.8038172644178552       0.73259755653796244     
  0.21599999519447191        30.520250677950532        207.56331360133123        2.8944179121741298        10.647879104636152       0.77758266786121411     
  0.22099999508264148        31.766077215006540        212.53884361065090        3.0672914271377874        11.557678137859780       0.82389409156332449     
  0.22600004142520971        33.056077495532982        217.53292995469926        3.2441617329726049        12.537019356013502       0.87148434489517723     
  0.23100001657333963        34.391970476513102        222.54683687701831        3.4248295408105989        13.589657880852336       0.92030176499137040     
  0.23600000121180406        35.775835507928718        227.58196692557999        3.6090772831361502        14.719231200998916       0.97028863090184336     
  0.24099999180275355        37.209527516428956        232.63972664205576        3.7966708375568268        15.929214376898187        1.0213816493289509     
  0.24599998615842494        38.694835493616225        237.72155776243915        3.9873618696917141        17.222875446466542        1.0735126188814801     
  0.25099998287745506        40.233464206228916        242.82892806376509        4.1808907163063331        18.603234787549969        1.1266092546786979     
  0.25599998105595140        41.827017558667436        247.96332166712551        4.3769896858320507        20.073029869156844        1.1805961416689694     
  0.26099998013224301        43.476983669248860        253.12622901629624        4.5753866311756948        21.634686744232145        1.2353957774504765     
  0.26599997971685707        45.184721739492574        258.31913677440224        4.7758086338690218        23.290299313650088        1.2909296596528643     
  0.27099997958270755        46.951451329230999        263.54351803078799        4.9779856373548945        25.041616912337798        1.3471193714032081     
  0.27599997957794326        48.778243831293764        268.80082299336391        5.1816538815504645        26.890040303820612        1.4038876214418055     
  0.28099997959811229        50.666016520058591        274.09247047873453        5.3865590094513927        28.836625730883917        1.4611591999941700     
  0.28599997960104817        52.615529167159124        279.41984038595717        5.5924587485318940        30.882096273626832        1.5188618200765573     
  0.29099997956662610        54.627383003620089        284.78426724518863        5.7991251014282197        33.026859481338754        1.5769268227234265     
  0.29599997947719170        56.702022010527628        290.18703494845920        6.0063460158788171        35.271030017421040        1.6352897347441162     
  0.30099997935406753        58.839736377676985        295.62937269713348        6.2139265326958162        37.614456028873704        1.6938906760641346     
  0.30599997920497651        61.040667640486355        301.11245206425292        6.4216894392335515        40.056747883388702        1.7526746222555463     
  0.31099997903988413        63.304815452588983        306.63738517259134        6.6294754732435948        42.597308096240063        1.8115915333103121     
  0.31599997888406772        65.632045571172142        312.20522385076544        6.8371431379959082        45.235361334362530        1.8705963647661243     
  0.32099997874459119        68.022098696820265        317.81695963001124        7.0445681931462136        47.969983638795263        1.9296489788168940     
  0.32599997864281521        70.474600041335918        323.47352449948949        7.2516428920883111        50.800130139269427        1.9887139752553058     
  0.33099997858003910        72.989069173140948        329.17579223282962        7.4582750288667032        53.724660778316739        2.0477604602826918     
  0.33599997856458402        75.564930089758732        334.92458021719500        7.6643868560765833        56.742363714841126        2.1067617710314166     
  0.34099997860193121        78.201521183043923        340.72065162530339        7.8699139267312397        59.851976212504987        2.1656951714454782     
  0.34599997868853027        80.898104990926512        346.56471784758367        8.0748039022029268        63.052202993905588        2.2245415321914583     
  0.35099997882136208        83.653877623965897        352.45744109916518        8.2790153646293323        66.341732083400430        2.2832850062874139     
  0.35599997900314290        86.467977739878052        358.39943711878016        8.4825166598877857        69.719248272014283        2.3419127086483478     
  0.36099997922941374        89.339494977956903        364.39127789188740        8.6852847909751105        73.183444371383658        2.4004144059403827     
  0.36599997948696389        92.267477849508111        370.43349436120945        8.8873043781754486        76.733030445384372        2.4587822221156657     
  0.37099997977658117        95.250941068614125        376.52657909288718        9.0885666928311668        80.366741249183008        2.5170103621998994     
  0.37599998008840563        98.288872229560340        382.67098883833512        9.2890687695525536        84.083342079002946        2.5750948562746085     
  0.38099998041849259        101.38023794452849        388.86714700885017        9.4888126003321709        87.881633235883143        2.6330333251442268     
  0.38599998075846220        104.52398936998193        395.11544602079687        9.6878044059911907        91.760453315603442        2.6908247667909615     
  0.39099998110771972        107.71906720863952        401.41624952356477        9.8860539854046170        95.718681491946128        2.7484693641146354     
  0.39599998145982485        110.96440615185894        407.76989448513723        10.083574135220788        99.755238961230887        2.8059683121588099     
  0.40099998180833074        114.25893885649241        414.17669315513655        10.280380138434280        103.86908969678073        2.8633236646123916     
  0.40599998215725530        117.60159945876973        420.63693489864329        10.476489313182071        108.05924063292133        2.9205381972996380     
  0.41099998249445624        120.99132662744454        427.15088788863778        10.671920618552511        112.32474139553226        2.9776152879071227     
  0.41599998282071138        124.42706628457660        433.71880070045580        10.866694311480742        116.66468367370359        3.0345588103726597     
  0.42099998313537762        127.90777392093850        440.34090377157833        11.060831648826332        121.07820030577776        3.0913730423362176     
  0.42599998343869666        131.43241660589254        447.01741075928055        11.254354630597380        125.56446415425165        3.1480625845729717     
  0.43099998372602699        134.99997469404050        453.74851979195694        11.447285778752226        130.12268682528727        3.2046322908589966     
  0.43599998399788970        138.60944328476518        460.53441463084175        11.639647948787511        134.75211727574126        3.2610872075149104     
  0.44099998425268083        142.25983342489380        467.37526573490652        11.831464168304075        139.45204035194047        3.3174325209736311     
  0.44599998449133366        145.95017311252013        474.27123124708845        12.022757501378766        144.22177528058759        3.3736735130650453     
  0.45099998471406444        149.67950810391974        481.22245790098378        12.213550933488003        149.06067415350918        3.4298155225028086     
  0.45599998492060578        153.44690255467833        488.22908185678773        12.403867275538673        153.96812040663903        3.4858639121676780     
  0.46099998510904189        157.25143951205288        495.29122947164501        12.593729083894837        158.94352732487076        3.5418240412858486     
  0.46599998528550990        161.09222128789943        502.40901801409206        12.783158595224098        163.98633657612427        3.5977012421647125     
  0.47099998544332700        164.96836968459019        509.58255630939618        12.972177672105003        169.09601678428376        3.6535008002944278     
  0.47599998558740447        168.87902616682081        516.81194535350949        13.160807760944937        174.27206215028727        3.7092279382734619     
  0.48099998571659963        172.82335190273372        524.09727886188784        13.349069857043434        179.51399112571102        3.7648878020332570     
  0.48599998583263532        176.80052775545317        531.43864378636113        13.536984478622525        184.82134513753010        3.8204854498961822     
  0.49099998593405358        180.80975419559221        538.83612078635520        13.724571647254820        190.19368737162699        3.8760258437040633     
  0.49599998602486584        184.85025116791306        546.28978466964975        13.911850873265472        195.63060161218604        3.9315138415902484     
